>AC092835
0.551020	0.049887	0.190476	0.208617
0.065760	0.179138	0.029478	0.725624
0.013605	0.009070	0.011338	0.965986
0.013605	0.673469	0.004535	0.308390
0.560091	0.034014	0.043084	0.362812
0.090703	0.213152	0.290249	0.405896
0.841270	0.045351	0.070295	0.043084
0.040816	0.931973	0.015873	0.011338
0.047619	0.027211	0.013605	0.911565
0.802721	0.106576	0.070295	0.020408
0.464853	0.086168	0.337868	0.111111
0.535147	0.095238	0.292517	0.077098
0.181406	0.081633	0.648526	0.088435
0.095238	0.024943	0.136054	0.743764
0.092971	0.024943	0.832200	0.049887
0.160998	0.065760	0.142857	0.630385
0.324263	0.065760	0.417234	0.192744
0.739229	0.077098	0.151927	0.031746
0.598639	0.090703	0.192744	0.117914
0.108844	0.074830	0.217687	0.598639
0.104308	0.020408	0.811791	0.063492
