>BATF2
0.231358	0.268276	0.315046	0.185320
0.264912	0.208903	0.323593	0.202592
0.174973	0.264457	0.343239	0.217331
0.183797	0.176872	0.439490	0.199842
0.492690	0.086477	0.371867	0.048966
0.022337	0.112830	0.127016	0.737818
0.026115	0.067761	0.815372	0.090751
0.830784	0.024889	0.124721	0.019606
0.000178	0.729587	0.183638	0.086596
0.071540	0.009061	0.763636	0.155762
0.070136	0.308280	0.143278	0.478306
0.289861	0.265189	0.380789	0.064161
