>BHLHA9
0.252167	0.237469	0.327846	0.182518
0.205881	0.278037	0.256851	0.259232
0.245428	0.270070	0.278224	0.206277
0.209365	0.366571	0.276023	0.148042
0.205049	0.286927	0.349974	0.158050
0.207198	0.270089	0.350990	0.171722
0.179107	0.237295	0.380063	0.203535
0.184871	0.244789	0.329244	0.241095
0.357393	0.186851	0.364425	0.091331
0.552787	0.307136	0.102138	0.037939
0.033587	0.899960	0.032327	0.034127
0.848644	0.036212	0.085962	0.029181
0.043574	0.306361	0.396150	0.253916
0.024610	0.881393	0.062534	0.031463
0.031659	0.199263	0.044636	0.724441
0.034109	0.027282	0.915584	0.023024
0.033233	0.292078	0.430067	0.244623
0.201751	0.177475	0.148647	0.472128
0.182001	0.278852	0.232621	0.306526
0.143433	0.282322	0.294341	0.279904
