>CAMTA1
0.298967	0.170590	0.243528	0.286915
0.116655	0.209708	0.062667	0.610970
0.216825	0.079279	0.486818	0.217078
0.214758	0.400506	0.298960	0.085776
0.014412	0.768320	0.028151	0.189117
0.012119	0.013715	0.962592	0.011574
0.025147	0.898166	0.032176	0.044511
0.848551	0.040678	0.065652	0.045120
0.246087	0.078962	0.316521	0.358429
0.179897	0.232539	0.103480	0.484084
0.164494	0.232302	0.476628	0.126575
0.215139	0.353807	0.253418	0.177636
0.232975	0.267474	0.303188	0.196363
0.171484	0.167011	0.274743	0.386762
0.139478	0.269822	0.333313	0.257388
0.110146	0.408735	0.291032	0.190087
0.244480	0.256909	0.407037	0.091574
0.258050	0.289246	0.319706	0.132998
0.211690	0.299423	0.286655	0.202232
0.283028	0.203006	0.282411	0.231555
