>CAMTA2
0.261113	0.235964	0.285145	0.217777
0.135476	0.581349	0.173693	0.109481
0.069537	0.405927	0.288818	0.235718
0.106897	0.192879	0.607717	0.092507
0.066270	0.814175	0.032951	0.086604
0.652900	0.062891	0.213830	0.070380
0.364187	0.160270	0.120350	0.355193
0.038300	0.128613	0.030029	0.803059
0.075994	0.024473	0.864959	0.034574
0.016068	0.939607	0.024625	0.019700
0.237958	0.024917	0.709684	0.027441
0.158502	0.278705	0.337280	0.225513
0.219683	0.417567	0.141557	0.221192
0.413204	0.109673	0.296624	0.180498
0.244438	0.257267	0.255254	0.243040
0.225711	0.264713	0.225151	0.284425
0.228697	0.271081	0.276016	0.224205
0.199629	0.313207	0.267427	0.219737
0.235979	0.265967	0.288810	0.209244
0.224307	0.240508	0.294687	0.240498
