>CASZ1
0.311242	0.065770	0.381162	0.241826
0.131665	0.015468	0.079854	0.773013
0.021127	0.001509	0.003521	0.973843
0.005030	0.004024	0.000000	0.990946
0.001006	0.000000	0.002012	0.996982
0.015091	0.012072	0.919517	0.053320
0.015594	0.008048	0.970322	0.006036
0.001509	0.015594	0.965795	0.017103
0.011569	0.143360	0.455734	0.389336
0.140845	0.390342	0.214789	0.254024
0.540241	0.079980	0.290744	0.089034
0.654930	0.031690	0.133300	0.180080
0.625252	0.010060	0.044266	0.320423
0.533199	0.017103	0.013581	0.436117
0.322435	0.117706	0.070926	0.488934
0.265594	0.225352	0.263078	0.245976
0.157445	0.231388	0.364688	0.246479
0.135312	0.214286	0.454225	0.196177
0.149396	0.272636	0.365191	0.212777
0.239437	0.227867	0.302314	0.230382
0.341549	0.073944	0.285714	0.298793
0.373239	0.024145	0.070423	0.532193
0.207243	0.011569	0.014588	0.766600
0.128773	0.040744	0.018109	0.812374
0.066901	0.105131	0.108149	0.719819
0.129024	0.145624	0.402163	0.323189
