>CREB3L3
0.105634	0.145540	0.279343	0.469484
0.032864	0.051643	0.657277	0.258216
0.215962	0.105634	0.579812	0.098592
0.091549	0.314554	0.023474	0.570423
0.023474	0.387324	0.586854	0.002347
0.995305	0.000000	0.002347	0.002347
0.000000	0.983568	0.000000	0.016432
0.009390	0.000000	0.988263	0.002347
0.002347	0.002347	0.007042	0.988263
0.000000	0.035211	0.955399	0.009390
0.042254	0.000000	0.899061	0.058685
0.187793	0.786385	0.014085	0.011737
0.626761	0.110329	0.164319	0.098592
0.100939	0.246479	0.490610	0.161972
