>DACH2
0.276958	0.086493	0.064018	0.572531
0.385244	0.286493	0.133031	0.195233
0.877100	0.009218	0.092175	0.021508
0.021708	0.029080	0.058775	0.890436
0.005928	0.004293	0.884301	0.105478
0.825218	0.133610	0.006928	0.034244
0.000000	0.929557	0.012519	0.057925
0.222682	0.067433	0.572567	0.137318
0.742717	0.000000	0.054625	0.202658
0.221940	0.097999	0.008308	0.671753
0.000000	0.008110	0.000000	0.991890
0.008346	0.060296	0.886501	0.044857
0.087609	0.442976	0.098264	0.371152
