>DACH1
0.494185	0.134278	0.208184	0.163354
0.054742	0.821289	0.090267	0.033702
0.991224	0.001057	0.005498	0.002220
0.553394	0.019983	0.198139	0.228484
0.170121	0.019137	0.000846	0.809896
0.142631	0.489533	0.047367	0.320469
0.016494	0.002326	0.980968	0.000211
0.006978	0.001586	0.074329	0.917107
0.063861	0.934130	0.000529	0.001480
0.914570	0.063121	0.012793	0.009516
0.010785	0.016600	0.004864	0.967752
0.592620	0.058046	0.082153	0.267181
0.919856	0.019666	0.035208	0.025270
0.101819	0.103827	0.068513	0.725841
0.090928	0.067350	0.330831	0.510890
0.460430	0.279208	0.163116	0.097246
0.206386	0.436667	0.163248	0.193698
