>DMTF1
0.399162	0.183043	0.208918	0.208877
0.148246	0.591303	0.139702	0.120749
0.836752	0.032380	0.087966	0.042902
0.071045	0.052512	0.043522	0.832921
0.213141	0.675238	0.052257	0.059364
0.015403	0.920091	0.049749	0.014757
0.018814	0.045917	0.872826	0.062444
0.048467	0.123898	0.765436	0.062200
0.086370	0.062195	0.760673	0.090761
0.196401	0.221465	0.202311	0.379823
0.362898	0.304784	0.136657	0.195662
0.272141	0.331841	0.115051	0.280968
0.157933	0.315107	0.158318	0.368641
0.214272	0.241127	0.227883	0.316717
0.241097	0.272263	0.261199	0.225441
0.228021	0.268228	0.281469	0.222281
0.229388	0.265467	0.297245	0.207900
0.230660	0.286887	0.273780	0.208674
0.242679	0.277258	0.270962	0.209100
0.212306	0.277537	0.293842	0.216314
