>DNTTIP1
0.201103	0.332827	0.201432	0.264638
0.261750	0.256299	0.234230	0.247721
0.245433	0.269247	0.213774	0.271546
0.200628	0.373923	0.196992	0.228458
0.360462	0.187872	0.278261	0.173405
0.047659	0.336909	0.041543	0.573889
0.049741	0.032163	0.888467	0.029629
0.033999	0.846176	0.037017	0.082807
0.427480	0.218152	0.222958	0.131411
0.309589	0.287051	0.080623	0.322736
0.213781	0.335858	0.182191	0.268169
0.260735	0.259551	0.260147	0.219567
0.249252	0.257669	0.198774	0.294305
