>FAM200B
0.214177	0.275732	0.298208	0.211883
0.217930	0.238089	0.359900	0.184082
0.159902	0.257286	0.432527	0.150285
0.168664	0.270774	0.351722	0.208840
0.098741	0.264073	0.480164	0.157022
0.125831	0.324155	0.458929	0.091085
0.082449	0.361650	0.373884	0.182018
0.088447	0.428862	0.300998	0.181692
0.098262	0.476441	0.296171	0.129126
0.224806	0.163916	0.529482	0.081797
0.033005	0.722816	0.160802	0.083377
0.036368	0.023348	0.891142	0.049143
0.689379	0.071149	0.176179	0.063293
0.120738	0.725345	0.062823	0.091094
0.040039	0.805708	0.103999	0.050254
0.052906	0.737401	0.141388	0.068305
0.423206	0.095517	0.321698	0.159579
0.144705	0.391984	0.254602	0.208709
0.216736	0.381546	0.252378	0.149340
0.215166	0.216649	0.362431	0.205754
