>FIZ1
0.212644	0.233447	0.484160	0.069748
0.083262	0.800784	0.076772	0.039182
0.009318	0.017246	0.959944	0.013491
0.000707	0.979774	0.007072	0.012447
0.708934	0.195504	0.048530	0.047032
0.059362	0.259362	0.520289	0.160987
0.365316	0.157238	0.472095	0.005352
0.882991	0.001985	0.000662	0.114361
0.001349	0.101457	0.000270	0.896924
0.001552	0.028358	0.000282	0.969808
0.017626	0.876746	0.006920	0.098707
0.017019	0.001560	0.975464	0.005957
0.419257	0.579303	0.000000	0.001439
0.995408	0.000431	0.000574	0.003588
0.002093	0.818865	0.002586	0.176456
0.080997	0.372586	0.089221	0.457196
0.123650	0.654829	0.155204	0.066317
0.625516	0.078049	0.216010	0.080425
0.210140	0.293821	0.265015	0.231024
0.287772	0.226991	0.285755	0.199481
0.476269	0.210152	0.163071	0.150508
0.047693	0.870658	0.027735	0.053914
0.221896	0.535416	0.075649	0.167039
0.201123	0.371372	0.214677	0.212829
