>FLI1
0.155934	0.311323	0.227609	0.305133
0.142213	0.279160	0.280867	0.297760
0.120310	0.373409	0.220839	0.285442
0.362278	0.260043	0.302688	0.074991
0.065344	0.627869	0.119127	0.187659
0.102714	0.037013	0.080269	0.780005
0.060120	0.042040	0.042944	0.854896
0.061651	0.848370	0.051091	0.038889
0.018762	0.896917	0.064892	0.019429
0.024336	0.032068	0.767551	0.176045
0.093817	0.154855	0.502879	0.248449
0.142590	0.360703	0.111912	0.384795
0.182537	0.319101	0.244440	0.253922
0.182459	0.263046	0.296657	0.257838
0.211033	0.266226	0.272724	0.250018
0.224143	0.300077	0.247318	0.228462
0.195954	0.319587	0.290502	0.193957
0.181589	0.249869	0.268599	0.299944
0.199602	0.291672	0.252562	0.256165
0.174175	0.338769	0.270695	0.216361
