>FLYWCH1
0.120719	0.685621	0.148749	0.044910
0.039609	0.052542	0.859879	0.047970
0.416910	0.186173	0.285179	0.111739
0.398742	0.269141	0.155752	0.176365
0.261723	0.212112	0.231491	0.294674
0.291867	0.471933	0.164126	0.072074
0.149318	0.130928	0.607692	0.112063
0.343211	0.208185	0.318490	0.130114
0.420643	0.168065	0.217810	0.193482
0.161824	0.294882	0.135443	0.407851
0.077133	0.834043	0.053382	0.035442
0.023630	0.030613	0.912897	0.032860
0.625624	0.137761	0.148030	0.088585
0.483379	0.262918	0.131261	0.122442
0.109751	0.415607	0.197891	0.276751
0.134545	0.566374	0.243889	0.055193
0.098457	0.110927	0.717592	0.073025
0.349661	0.242223	0.240872	0.167243
0.289364	0.378259	0.245524	0.086852
0.140722	0.227963	0.360727	0.270588
