>GATAD2A
0.354437	0.087884	0.468528	0.089151
0.313080	0.083709	0.219404	0.383808
0.095890	0.358825	0.179587	0.365698
0.188835	0.339476	0.315919	0.155770
0.210677	0.210470	0.361659	0.217193
0.294940	0.185180	0.259173	0.260707
0.311741	0.217674	0.239052	0.231533
0.276793	0.232795	0.307664	0.182748
0.240507	0.225744	0.314224	0.219525
0.281810	0.264276	0.275107	0.178806
0.234973	0.272704	0.355705	0.136618
0.426504	0.200711	0.133008	0.239777
0.019565	0.032226	0.919831	0.028378
0.781675	0.040602	0.139170	0.038553
0.021516	0.034338	0.032088	0.912058
0.812167	0.045715	0.102353	0.039765
0.809855	0.085436	0.075802	0.028907
0.028511	0.334733	0.599297	0.037459
0.297827	0.207958	0.439348	0.054867
0.271908	0.232728	0.292904	0.202460
