>GCM1
0.209000	0.338343	0.257088	0.195569
0.260053	0.250380	0.303140	0.186427
0.216830	0.352799	0.251678	0.178693
0.174248	0.332610	0.239021	0.254122
0.261345	0.308591	0.265689	0.164375
0.221645	0.358044	0.224067	0.196244
0.175730	0.321111	0.306462	0.196697
0.265895	0.205134	0.400961	0.128010
0.152895	0.307212	0.379149	0.160744
0.137434	0.316452	0.155040	0.391073
0.557688	0.048926	0.328991	0.064395
0.032465	0.877631	0.047020	0.042884
0.039378	0.830428	0.079787	0.050408
0.212981	0.591693	0.087929	0.107397
0.107925	0.089066	0.598080	0.204929
0.056644	0.727339	0.101390	0.114627
0.827818	0.041612	0.083382	0.047188
0.054292	0.248088	0.185304	0.512315
0.210282	0.336636	0.326174	0.126909
0.324300	0.250877	0.221621	0.203202
