>GRHL3
0.256623	0.241170	0.267660	0.234547
0.381898	0.141280	0.256071	0.220751
0.715232	0.039735	0.167770	0.077263
0.885210	0.013245	0.039735	0.061810
0.002208	0.997792	0.000000	0.000000
0.066225	0.920530	0.000000	0.013245
0.013245	0.000000	0.876380	0.110375
0.000000	0.000000	1.000000	0.000000
0.022075	0.017660	0.000000	0.960265
0.068433	0.167770	0.024283	0.739514
0.262693	0.183223	0.185430	0.368653
0.381898	0.128035	0.242826	0.247241
0.437086	0.094923	0.256071	0.211921
0.044150	0.843267	0.070640	0.041943
0.313466	0.430464	0.101545	0.154525
0.222958	0.079470	0.454746	0.242826
0.097682	0.095475	0.746689	0.060155
0.213576	0.224614	0.151766	0.410044
