>HMGA1
0.280822	0.252190	0.228216	0.238772
0.651733	0.087585	0.085138	0.175544
0.502776	0.039915	0.035285	0.422025
0.329328	0.029111	0.029364	0.612196
0.343324	0.030950	0.027171	0.598555
0.749624	0.036463	0.038845	0.175068
0.527565	0.045115	0.042588	0.384732
0.100306	0.121688	0.107659	0.670347
0.075870	0.357340	0.437596	0.129195
0.099333	0.517470	0.320345	0.062853
0.221910	0.218634	0.466245	0.093212
0.269350	0.339140	0.207486	0.184025
0.302795	0.191491	0.280836	0.224878
0.414889	0.131098	0.086040	0.367974
0.511115	0.044223	0.046942	0.397720
0.402351	0.057016	0.052313	0.488320
