>JRK
0.367288	0.274141	0.272835	0.085737
0.053582	0.884470	0.025045	0.036902
0.007134	0.882134	0.001306	0.109425
0.001005	0.185088	0.001005	0.812902
0.000703	0.997086	0.000603	0.001608
0.496383	0.009847	0.485932	0.007838
0.296021	0.174035	0.436696	0.093248
0.034164	0.002713	0.002713	0.960410
0.000703	0.002613	0.000000	0.996684
0.999196	0.000000	0.000000	0.000804
0.588023	0.000100	0.000000	0.411877
0.000201	0.999196	0.000201	0.000402
0.000000	0.999397	0.000000	0.000603
0.007034	0.000000	0.992866	0.000100
0.015273	0.003416	0.963424	0.017886
0.950161	0.026226	0.005727	0.017886
0.863495	0.044162	0.035018	0.057325
0.232190	0.284038	0.116534	0.367238
