>LEF1
0.777778	0.061681	0.092522	0.068019
0.007983	0.565726	0.413518	0.012773
0.830027	0.002254	0.005410	0.162308
0.016895	0.009504	0.001584	0.972017
0.013446	0.916833	0.060259	0.009462
0.990850	0.000000	0.007535	0.001615
0.984492	0.000000	0.015508	0.000000
0.964885	0.000000	0.016247	0.018868
0.055382	0.116123	0.822242	0.006253
0.171920	0.263133	0.444126	0.120821
0.272640	0.259634	0.354528	0.113198
0.360183	0.176724	0.179418	0.283675
