>LEUTX
0.198533	0.299182	0.303978	0.198306
0.224092	0.373466	0.200437	0.202006
0.248006	0.238365	0.353585	0.160044
0.340780	0.217913	0.238431	0.202875
0.174214	0.266457	0.396161	0.163168
0.279094	0.200395	0.127508	0.393003
0.019670	0.018306	0.017593	0.944432
0.943193	0.017416	0.015823	0.023568
0.933731	0.019982	0.027402	0.018886
0.020632	0.027840	0.023751	0.927777
0.021400	0.938478	0.023250	0.016872
0.026052	0.731579	0.133797	0.108572
0.167014	0.392762	0.244785	0.195440
0.134706	0.344678	0.257270	0.263346
0.199487	0.280070	0.251484	0.268958
0.165373	0.286917	0.296299	0.251411
0.257279	0.215038	0.325774	0.201909
0.204615	0.315464	0.260899	0.219023
0.220008	0.301252	0.292477	0.186264
0.188518	0.300246	0.315352	0.195884
