>LHX6
0.231995	0.205512	0.352228	0.210265
0.189731	0.390020	0.242781	0.177468
0.172300	0.276764	0.344675	0.206262
0.164221	0.357131	0.300809	0.177840
0.181593	0.301171	0.363175	0.154060
0.178679	0.283891	0.411385	0.126045
0.189674	0.282761	0.291579	0.235986
0.192712	0.331358	0.304259	0.171671
0.209228	0.357757	0.244308	0.188707
0.076994	0.197516	0.501365	0.224126
0.060101	0.219636	0.099076	0.621187
0.695018	0.093892	0.078331	0.132759
0.839982	0.060395	0.064295	0.035328
0.102060	0.050160	0.091219	0.756561
0.080756	0.479412	0.038246	0.401586
0.612224	0.011941	0.290463	0.085372
0.270230	0.199624	0.400689	0.129457
0.177525	0.500248	0.182165	0.140062
0.135474	0.297400	0.391046	0.176080
0.210320	0.232534	0.272227	0.284919
