>MAX
0.226918	0.258568	0.265153	0.249362
0.190234	0.267228	0.298492	0.244046
0.205769	0.272561	0.278586	0.243084
0.186147	0.206900	0.420303	0.186650
0.251949	0.199070	0.243909	0.305072
0.172619	0.326871	0.363019	0.137492
0.060238	0.871237	0.038456	0.030068
0.590766	0.035238	0.333729	0.040267
0.024162	0.858762	0.023418	0.093658
0.027721	0.018174	0.932513	0.021592
0.059095	0.126386	0.059791	0.754727
0.063577	0.037209	0.828860	0.070354
0.258018	0.279717	0.207734	0.254531
0.123386	0.341427	0.284026	0.251161
0.182807	0.266366	0.295592	0.255235
0.187781	0.266832	0.347950	0.197437
0.189530	0.294773	0.280628	0.235070
0.168482	0.274485	0.334227	0.222806
0.177448	0.306765	0.290383	0.225403
0.225870	0.263252	0.327256	0.183623
