>MBD1
0.247701	0.246901	0.292827	0.212571
0.259283	0.261512	0.248837	0.230368
0.107599	0.315057	0.269433	0.307911
0.223578	0.282466	0.267670	0.226286
0.055661	0.447960	0.460253	0.036126
0.177006	0.255841	0.317228	0.249924
0.324741	0.247087	0.234070	0.194102
0.308304	0.219945	0.187277	0.284474
0.095088	0.339424	0.300243	0.265245
0.006825	0.975555	0.007661	0.009959
0.009743	0.005341	0.976887	0.008029
0.281632	0.656914	0.023176	0.038278
0.121648	0.311745	0.381269	0.185338
0.147307	0.297007	0.317896	0.237791
0.254566	0.219538	0.242359	0.283536
0.386108	0.195114	0.183315	0.235463
0.223136	0.205721	0.256458	0.314685
0.237219	0.215156	0.209943	0.337681
0.269629	0.242197	0.308964	0.179210
0.222009	0.263376	0.216199	0.298416
