>MBD3
0.192677	0.271010	0.219692	0.316622
0.093225	0.377875	0.240529	0.288370
0.095165	0.340482	0.246809	0.317544
0.194603	0.262961	0.233512	0.308924
0.096008	0.350699	0.394401	0.158891
0.008877	0.967813	0.014082	0.009228
0.009711	0.009665	0.970606	0.010018
0.204982	0.384928	0.347956	0.062133
0.336543	0.212656	0.225635	0.225166
0.324060	0.261468	0.324451	0.090022
0.139687	0.359130	0.265920	0.235263
0.154553	0.275993	0.280638	0.288816
0.325119	0.175857	0.166716	0.332307
0.429204	0.135576	0.184289	0.250931
0.341108	0.171152	0.194031	0.293709
0.250024	0.214853	0.259563	0.275560
0.323729	0.237173	0.260042	0.179057
0.216066	0.266406	0.419719	0.097809
0.206960	0.285262	0.316183	0.191596
0.242671	0.244760	0.264515	0.248054
