>MGA
0.180706	0.415663	0.258383	0.145247
0.185007	0.215652	0.438603	0.160738
0.105444	0.375283	0.108624	0.410650
0.173132	0.222873	0.498816	0.105179
0.227455	0.277629	0.166131	0.328785
0.143321	0.324353	0.317891	0.214435
0.411387	0.251310	0.202647	0.134656
0.343253	0.263218	0.202522	0.191008
0.375111	0.190123	0.128857	0.305909
0.309420	0.209588	0.120729	0.360263
0.151403	0.168914	0.183738	0.495945
0.043618	0.099955	0.044866	0.811561
0.160643	0.665502	0.118959	0.054897
0.645987	0.040642	0.204133	0.109238
0.028061	0.908597	0.028526	0.034816
0.789272	0.043532	0.134185	0.033010
0.032563	0.900108	0.042125	0.025204
0.080323	0.497117	0.279640	0.142920
0.130743	0.238491	0.116414	0.514352
0.188486	0.347865	0.166525	0.297124
