>MSANTD4
0.240637	0.223403	0.289329	0.246631
0.237155	0.299106	0.184632	0.279107
0.390276	0.196413	0.239146	0.174164
0.173676	0.393544	0.340268	0.092512
0.150736	0.318400	0.163008	0.367856
0.036231	0.128063	0.017086	0.818620
0.937071	0.024173	0.026668	0.012088
0.015474	0.916532	0.046781	0.021212
0.192504	0.026183	0.106887	0.674426
0.588046	0.373701	0.018554	0.019699
0.227610	0.606478	0.090325	0.075587
0.252690	0.239122	0.246094	0.262094
0.229486	0.376040	0.232452	0.162022
0.168696	0.284044	0.495552	0.051707
0.086705	0.324148	0.258174	0.330973
0.308435	0.284305	0.148377	0.258882
0.158025	0.295701	0.306273	0.240001
0.216299	0.275545	0.277265	0.230891
0.298632	0.277351	0.236400	0.187617
0.186847	0.324405	0.298542	0.190206
