>MSANTD1
0.226269	0.247713	0.280182	0.245836
0.238715	0.185859	0.327419	0.248006
0.197389	0.335018	0.205981	0.261612
0.212743	0.253686	0.331501	0.202070
0.241098	0.279317	0.203472	0.276113
0.246767	0.338386	0.233816	0.181031
0.487033	0.092074	0.172272	0.248621
0.055092	0.706726	0.146892	0.091290
0.039697	0.054140	0.059574	0.846589
0.028293	0.027714	0.025459	0.918534
0.909875	0.024809	0.031700	0.033616
0.871942	0.057423	0.038763	0.031872
0.043368	0.034291	0.894011	0.028330
0.251904	0.168773	0.062287	0.517036
0.175115	0.153289	0.497964	0.173633
0.091337	0.451969	0.297294	0.159400
0.165205	0.220189	0.328233	0.286374
0.218201	0.338161	0.191746	0.251893
0.261990	0.146295	0.180487	0.411227
0.210641	0.248888	0.203847	0.336623
