>MYF6
0.226240	0.256675	0.295485	0.221601
0.226027	0.307716	0.251434	0.214823
0.243450	0.276886	0.284593	0.195071
0.216504	0.239077	0.327993	0.216426
0.196165	0.299507	0.297185	0.207143
0.296172	0.168058	0.424645	0.111125
0.413344	0.121603	0.155005	0.310047
0.027975	0.906642	0.027794	0.037589
0.857312	0.030453	0.090341	0.021895
0.199747	0.449696	0.301771	0.048786
0.088120	0.776152	0.086002	0.049727
0.033667	0.096477	0.079142	0.790714
0.037571	0.022810	0.916239	0.023380
0.169596	0.131059	0.040042	0.659303
0.017044	0.422345	0.046148	0.514463
0.235203	0.326693	0.318507	0.119597
0.245824	0.326233	0.201453	0.226489
0.214242	0.280893	0.295958	0.208908
0.201130	0.301974	0.278747	0.218149
0.198308	0.264453	0.307487	0.229752
