>MYPOP
0.230555	0.330550	0.281184	0.157711
0.249388	0.319843	0.286900	0.143870
0.251211	0.323989	0.221196	0.203604
0.237365	0.295887	0.276979	0.189769
0.266329	0.292001	0.210183	0.231487
0.246395	0.303497	0.234778	0.215330
0.193884	0.335644	0.226794	0.243678
0.092451	0.033696	0.833695	0.040158
0.007851	0.975551	0.007750	0.008848
0.008515	0.009226	0.973862	0.008397
0.040553	0.881372	0.025769	0.052306
0.598495	0.048798	0.052075	0.300632
0.639183	0.147373	0.133643	0.079802
0.479202	0.130211	0.193095	0.197492
0.168166	0.377827	0.240084	0.213923
0.208244	0.210956	0.342397	0.238402
0.176604	0.296150	0.279857	0.247389
0.290552	0.200014	0.340234	0.169199
0.198737	0.284920	0.314660	0.201683
0.211152	0.279563	0.356000	0.153285
