>MYRFL
0.177062	0.134809	0.613682	0.074447
0.070423	0.060362	0.595573	0.273642
0.265594	0.100604	0.440644	0.193159
0.070423	0.331992	0.565392	0.032193
0.486922	0.450704	0.030181	0.032193
0.106640	0.313883	0.036217	0.543260
0.223340	0.054326	0.694165	0.028169
0.026157	0.044266	0.418511	0.511066
0.024145	0.788732	0.054326	0.132797
0.507042	0.169014	0.150905	0.173038
0.006036	0.849095	0.118712	0.026157
0.315895	0.241449	0.084507	0.358149
0.138833	0.102616	0.655936	0.102616
0.134809	0.466801	0.372233	0.026157
0.114688	0.581489	0.245473	0.058350
0.082495	0.052314	0.020121	0.845070
0.060362	0.028169	0.855131	0.056338
0.096579	0.086519	0.710262	0.106640
0.014085	0.657948	0.022133	0.305835
0.835010	0.070423	0.050302	0.044266
0.004024	0.943662	0.012072	0.040241
