>NACC2
0.203847	0.360943	0.204274	0.230936
0.288986	0.312614	0.304840	0.093560
0.313772	0.313923	0.115952	0.256353
0.193062	0.295681	0.262083	0.249173
0.211602	0.272353	0.309926	0.206119
0.158006	0.223357	0.360354	0.258282
0.239089	0.324146	0.260049	0.176716
0.335356	0.194306	0.335296	0.135042
0.122639	0.651637	0.107984	0.117741
0.548168	0.058806	0.216275	0.176751
0.057870	0.540225	0.068244	0.333661
0.489004	0.044956	0.403966	0.062075
0.039371	0.812623	0.042116	0.105890
0.603543	0.020161	0.339591	0.036705
0.044184	0.148905	0.048372	0.758539
0.031680	0.031970	0.897355	0.038995
0.209956	0.257377	0.084077	0.448590
0.246068	0.375261	0.165332	0.213338
0.348362	0.321644	0.198881	0.131113
0.288380	0.263650	0.303965	0.144004
