>NFKB1
0.265728	0.238001	0.254216	0.242055
0.294022	0.268172	0.230874	0.206931
0.039708	0.107766	0.813829	0.038697
0.043669	0.118118	0.801655	0.036559
0.034509	0.050513	0.898704	0.016274
0.313221	0.059845	0.549574	0.077361
0.783666	0.056278	0.088375	0.071681
0.530389	0.142644	0.062774	0.264194
0.146499	0.265041	0.290962	0.297497
0.069331	0.454122	0.071005	0.405543
0.270453	0.591174	0.078865	0.059508
0.041242	0.830623	0.084603	0.043533
0.042618	0.839148	0.074691	0.043543
0.196050	0.233567	0.268389	0.301994
0.253623	0.245664	0.260577	0.240136
0.240563	0.265585	0.247029	0.246823
0.226716	0.308192	0.233842	0.231250
0.215718	0.289688	0.272357	0.222238
0.201284	0.288274	0.259713	0.250729
0.233384	0.271476	0.268070	0.227070
