>NR1H4
0.175234	0.483645	0.086449	0.254673
0.289532	0.093541	0.567929	0.048998
0.593750	0.057692	0.348558	0.000000
0.002427	0.002427	0.980583	0.014563
0.000000	0.004310	0.797414	0.198276
0.009479	0.045024	0.004739	0.940758
0.000000	0.975845	0.000000	0.024155
0.887097	0.002304	0.110599	0.000000
0.887097	0.036866	0.027650	0.048387
0.002217	0.170732	0.000000	0.827051
0.012165	0.007299	0.978102	0.002433
0.929412	0.030588	0.037647	0.002353
0.182418	0.808791	0.004396	0.004396
0.017032	0.980535	0.002433	0.000000
0.000000	0.300716	0.073986	0.625298
0.043981	0.532407	0.087963	0.335648
0.279012	0.180247	0.362963	0.177778
0.393043	0.158261	0.231304	0.217391
