>POGK
0.354790	0.312874	0.229042	0.103293
0.354790	0.387725	0.160180	0.097305
0.314371	0.392216	0.047904	0.245509
0.257485	0.365269	0.089820	0.287425
0.377246	0.188623	0.149701	0.284431
0.464072	0.128743	0.164671	0.242515
0.290419	0.179641	0.362275	0.167665
0.113772	0.089820	0.482036	0.314371
0.011976	0.215569	0.008982	0.763473
0.000000	0.799401	0.188623	0.011976
0.188623	0.014970	0.796407	0.000000
0.808383	0.155689	0.020958	0.014970
0.071856	0.910180	0.008982	0.008982
0.224551	0.416168	0.011976	0.347305
0.227545	0.083832	0.032934	0.655689
0.227545	0.110778	0.119760	0.541916
0.805389	0.011976	0.014970	0.167665
0.389222	0.035928	0.473054	0.101796
0.017964	0.000000	0.970060	0.011976
0.000000	0.000000	0.000000	1.000000
0.000000	1.000000	0.000000	0.000000
0.000000	0.000000	0.994012	0.005988
0.997006	0.000000	0.002994	0.000000
0.056886	0.820359	0.071856	0.050898
0.404192	0.395210	0.023952	0.176647
0.165419	0.300150	0.108533	0.425898
