>PRDM10
0.195624	0.477477	0.155441	0.171457
0.286498	0.453034	0.111651	0.148816
0.165796	0.674216	0.054733	0.105256
0.127166	0.782445	0.035796	0.054593
0.049579	0.895902	0.013721	0.040798
0.041280	0.833677	0.025800	0.099243
0.101357	0.578611	0.082203	0.237829
0.244863	0.402721	0.169761	0.182656
0.197779	0.407183	0.154233	0.240805
0.249349	0.329862	0.210294	0.210495
0.265224	0.334535	0.172877	0.227364
0.258413	0.337941	0.180889	0.222756
0.244792	0.349960	0.179688	0.225561
0.250000	0.359575	0.183293	0.207131
0.228165	0.357572	0.227965	0.186298
0.243389	0.319912	0.224760	0.211939
0.236731	0.314841	0.258562	0.189866
0.219107	0.369718	0.212898	0.198278
0.293269	0.381611	0.183093	0.142027
0.378599	0.274323	0.178906	0.168172
0.430989	0.261564	0.236555	0.070891
0.541989	0.011066	0.179024	0.267921
0.001001	0.000400	0.000000	0.998599
0.042020	0.001928	0.955667	0.000386
0.001000	0.000400	0.998000	0.000600
0.132368	0.033681	0.023745	0.810205
0.670134	0.122670	0.033232	0.173963
0.012387	0.584835	0.059685	0.343093
0.329552	0.281869	0.342434	0.046145
0.224877	0.138264	0.379304	0.257554
0.054689	0.413663	0.070289	0.461359
0.000000	0.988895	0.000397	0.010708
0.018603	0.811940	0.078809	0.090648
0.499005	0.092764	0.271965	0.136267
