>RFX5
0.123000	0.244000	0.484000	0.149000
0.073000	0.356000	0.375000	0.196000
0.082000	0.171000	0.385000	0.362000
0.005000	0.011000	0.969000	0.015000
0.004000	0.040000	0.012000	0.944000
0.021000	0.053000	0.010000	0.916000
0.086000	0.023000	0.814000	0.077000
0.011000	0.856000	0.012000	0.121000
0.004000	0.749000	0.008000	0.239000
0.775000	0.044000	0.111000	0.070000
0.095000	0.026000	0.218000	0.661000
0.045000	0.016000	0.930000	0.009000
0.108000	0.082000	0.796000	0.014000
0.201000	0.496000	0.149000	0.154000
0.514000	0.051000	0.326000	0.109000
0.787000	0.071000	0.074000	0.068000
0.090000	0.621000	0.079000	0.210000
