>RLF
0.205703	0.327359	0.309480	0.157459
0.117986	0.359820	0.393468	0.128726
0.264505	0.332538	0.210760	0.192197
0.091685	0.277341	0.486803	0.144171
0.181866	0.406344	0.233697	0.178093
0.442217	0.254389	0.149456	0.153939
0.062816	0.155117	0.734887	0.047180
0.023849	0.930190	0.027327	0.018634
0.029173	0.055660	0.894491	0.020676
0.184966	0.286651	0.405778	0.122605
0.237247	0.391229	0.167434	0.204090
0.302866	0.167416	0.261728	0.267991
0.274425	0.290843	0.275880	0.158851
0.167455	0.426675	0.280657	0.125212
0.192169	0.373563	0.308400	0.125868
0.214428	0.205192	0.467232	0.113149
0.246321	0.338938	0.290202	0.124539
0.223475	0.194501	0.328613	0.253411
0.216930	0.328553	0.263986	0.190531
0.246212	0.261797	0.259870	0.232122
