>RORB
0.209388	0.328061	0.264212	0.198339
0.172321	0.270093	0.318603	0.238983
0.227847	0.378612	0.242614	0.150927
0.201349	0.233249	0.413816	0.151586
0.303406	0.089186	0.275363	0.332046
0.878318	0.023513	0.048241	0.049928
0.492888	0.062405	0.048937	0.395771
0.108569	0.346574	0.272430	0.272427
0.045159	0.067975	0.245919	0.640948
0.580663	0.121707	0.254900	0.042730
0.029722	0.109249	0.829772	0.031257
0.032108	0.033861	0.905867	0.028163
0.036414	0.036775	0.050292	0.876519
0.034216	0.866222	0.055536	0.044026
0.749680	0.064457	0.147508	0.038354
0.237671	0.318589	0.193461	0.250279
0.204600	0.324377	0.312406	0.158617
0.176297	0.282830	0.345085	0.195788
0.206858	0.260577	0.305437	0.227129
0.250619	0.285930	0.324210	0.139242
