>RXRA
0.361083	0.094283	0.455366	0.089268
0.623872	0.042126	0.309930	0.024072
0.016048	0.059178	0.888666	0.036108
0.016048	0.051153	0.883651	0.049147
0.018054	0.058175	0.034102	0.889669
0.038114	0.890672	0.031093	0.040120
0.929789	0.029087	0.012036	0.029087
0.914744	0.002006	0.058175	0.025075
0.960883	0.000000	0.039117	0.000000
0.001003	0.004012	0.994985	0.000000
0.002006	0.001003	0.992979	0.004012
0.002006	0.004012	0.006018	0.987964
0.001003	0.976931	0.011033	0.011033
0.939819	0.000000	0.058175	0.002006
0.200602	0.244734	0.060181	0.494483
0.206620	0.111334	0.609829	0.072217
