>SALL3
0.454111	0.147419	0.255541	0.142929
0.475893	0.023982	0.041747	0.458378
0.042630	0.019214	0.017199	0.920957
0.939605	0.025839	0.004939	0.029618
0.017792	0.012221	0.023152	0.946835
0.005044	0.090251	0.575744	0.328961
0.661096	0.039904	0.078319	0.220681
0.615266	0.036993	0.032397	0.315344
0.347570	0.050400	0.015013	0.587018
0.275006	0.143692	0.050545	0.530757
0.404251	0.135369	0.077963	0.382416
0.278061	0.178592	0.129048	0.414299
