>SP100
0.195892	0.295051	0.359265	0.149793
0.253462	0.228581	0.340398	0.177559
0.295269	0.247205	0.278100	0.179426
0.232825	0.240173	0.255693	0.271310
0.217014	0.203046	0.354051	0.225889
0.253001	0.110823	0.278415	0.357761
0.282659	0.211121	0.291122	0.215098
0.290176	0.180178	0.337076	0.192570
0.374009	0.271964	0.354027	0.000000
0.000000	0.983001	0.000000	0.016999
0.008997	0.000000	0.963382	0.027621
0.284744	0.245677	0.280501	0.189078
