>TERF1
0.223182	0.288961	0.315516	0.172342
0.118846	0.439689	0.246064	0.195401
0.125599	0.402962	0.255333	0.216106
0.062405	0.321779	0.325252	0.290564
0.619977	0.045920	0.083008	0.251096
0.710276	0.044019	0.196478	0.049226
0.047292	0.864005	0.048682	0.040020
0.048728	0.766165	0.140286	0.044820
0.058611	0.758695	0.128000	0.054695
0.040444	0.037622	0.102447	0.819487
0.748723	0.091139	0.085959	0.074179
0.336340	0.238512	0.364121	0.061027
0.102349	0.488970	0.205700	0.202980
0.143238	0.420255	0.250932	0.185576
0.149961	0.323174	0.302470	0.224395
0.195303	0.216838	0.313986	0.273873
0.241884	0.274597	0.283568	0.199951
0.228599	0.309528	0.275372	0.186500
0.197825	0.302495	0.270341	0.229338
0.215361	0.302810	0.259522	0.222307
