>TET3
0.255340	0.315613	0.386243	0.042804
0.140314	0.301101	0.352994	0.205591
0.197835	0.233043	0.406207	0.162915
0.176725	0.264649	0.318292	0.240333
0.192901	0.192007	0.323890	0.291203
0.509047	0.108572	0.303779	0.078602
0.044448	0.771602	0.168827	0.015123
0.030752	0.021416	0.918742	0.029090
0.104602	0.207149	0.281962	0.406287
0.417461	0.026220	0.342444	0.213875
0.279398	0.261962	0.302963	0.155677
0.202961	0.269884	0.334360	0.192795
0.204381	0.225948	0.309541	0.260129
0.270164	0.253602	0.320779	0.155456
0.193912	0.307626	0.350243	0.148219
0.207758	0.314413	0.433973	0.043857
0.143885	0.285885	0.384495	0.185735
0.186591	0.258293	0.348066	0.207049
