>TIGD5
0.188248	0.247952	0.226631	0.337169
0.314968	0.297509	0.250815	0.136708
0.113472	0.577757	0.175647	0.133124
0.084830	0.557058	0.161702	0.196410
0.047304	0.537115	0.104206	0.311375
0.038823	0.430043	0.367167	0.163966
0.195453	0.220060	0.419422	0.165065
0.237234	0.245907	0.227187	0.289673
0.111251	0.091137	0.037958	0.759655
0.675347	0.031906	0.172946	0.119801
0.095192	0.100480	0.049678	0.754649
0.763710	0.027244	0.049919	0.159127
0.443844	0.280461	0.224878	0.050817
0.072135	0.724605	0.165173	0.038087
0.120115	0.044288	0.808097	0.027501
0.171313	0.590653	0.136187	0.101847
0.136570	0.274395	0.329829	0.259206
0.241674	0.299548	0.287743	0.171035
0.253159	0.251142	0.252516	0.243184
0.217012	0.279915	0.232196	0.270877
