>TIGD7
0.328374	0.180868	0.232583	0.258175
0.251389	0.323637	0.205715	0.219259
0.323320	0.218593	0.165285	0.292802
0.163454	0.401674	0.261658	0.173214
0.149579	0.318603	0.160320	0.371498
0.070329	0.356284	0.178255	0.395132
0.044978	0.678696	0.126021	0.150306
0.236541	0.156032	0.417043	0.190383
0.176538	0.359029	0.257893	0.206540
0.061615	0.217361	0.120461	0.600562
0.797672	0.060339	0.058024	0.083966
0.687199	0.043573	0.065759	0.203469
0.133597	0.082512	0.098168	0.685723
0.089066	0.171809	0.076070	0.663055
0.022087	0.932164	0.017873	0.027876
0.047390	0.033597	0.906642	0.012371
0.057443	0.215726	0.491576	0.235255
0.635098	0.188883	0.085985	0.090034
0.259654	0.575489	0.091584	0.073273
0.203044	0.251393	0.221648	0.323914
