>TIGD3
0.246148	0.185896	0.307714	0.260242
0.221520	0.194115	0.301630	0.282735
0.243699	0.232469	0.301328	0.222504
0.061126	0.604062	0.051374	0.283438
0.087332	0.171898	0.636393	0.104377
0.062612	0.307375	0.378379	0.251635
0.307285	0.104674	0.147718	0.440322
0.062023	0.068179	0.045533	0.824265
0.664185	0.065770	0.053841	0.216204
0.224381	0.331574	0.310057	0.133988
0.050637	0.466999	0.428160	0.054204
0.111543	0.365302	0.105843	0.417312
0.038134	0.048934	0.871684	0.041248
0.190499	0.561076	0.149298	0.099128
0.779701	0.078746	0.083671	0.057882
0.045346	0.084226	0.039549	0.830879
0.466725	0.149556	0.251636	0.132083
0.248377	0.238662	0.309201	0.203760
0.247183	0.237180	0.289206	0.226432
0.200564	0.270860	0.233661	0.294914
