>TIGD4
0.243095	0.306175	0.252097	0.198633
0.246776	0.240500	0.249045	0.263679
0.262361	0.238014	0.243891	0.255734
0.411652	0.129456	0.238528	0.220364
0.511461	0.288496	0.138731	0.061311
0.082873	0.803479	0.070977	0.042671
0.049979	0.588031	0.139037	0.222954
0.023683	0.834964	0.046292	0.095061
0.017313	0.507609	0.386040	0.089039
0.045788	0.099265	0.797778	0.057169
0.354845	0.060773	0.072077	0.512306
0.038818	0.032125	0.046027	0.883030
0.790607	0.049154	0.048422	0.111817
0.363800	0.123601	0.327459	0.185140
0.045015	0.279614	0.192361	0.483010
0.507301	0.053295	0.388071	0.051333
0.238477	0.193433	0.224943	0.343147
0.163944	0.466895	0.330126	0.039035
0.416452	0.185514	0.280541	0.117493
0.330419	0.385886	0.128769	0.154926
