>TPRX1
0.337838	0.221742	0.202547	0.237872
0.211486	0.186393	0.203778	0.398343
0.332439	0.174311	0.148070	0.345180
0.461300	0.153615	0.150266	0.234819
0.338992	0.180809	0.166627	0.313572
0.274473	0.358577	0.243680	0.123270
0.198351	0.220866	0.498234	0.082550
0.023623	0.051340	0.899972	0.025065
0.745338	0.177447	0.037515	0.039701
0.011956	0.028506	0.012670	0.946867
0.179108	0.175818	0.051731	0.593342
0.786149	0.033818	0.043020	0.137012
0.262661	0.202847	0.254107	0.280384
0.209693	0.331391	0.269001	0.189915
