>TTF1
0.134134	0.295295	0.420420	0.150150
0.331331	0.175175	0.435435	0.058058
0.263263	0.029029	0.561562	0.146146
0.210210	0.218218	0.476476	0.095095
0.023023	0.820821	0.070070	0.086086
0.347347	0.102102	0.066066	0.484484
0.102102	0.188188	0.350350	0.359359
0.013013	0.982983	0.001001	0.003003
0.019019	0.003003	0.004004	0.973974
0.014014	0.024024	0.936937	0.025025
0.016016	0.009009	0.965966	0.009009
0.005005	0.005005	0.048048	0.941942
0.253253	0.525526	0.115115	0.106106
0.242242	0.101101	0.363363	0.293293
0.487487	0.388388	0.074074	0.050050
0.011011	0.877878	0.045045	0.066066
0.079079	0.718719	0.035035	0.167167
0.211211	0.283283	0.130130	0.375375
