>USF3
0.230979	0.278429	0.270412	0.220180
0.249523	0.277352	0.244001	0.229124
0.215314	0.310203	0.258220	0.216263
0.207450	0.261082	0.307177	0.224291
0.177028	0.242042	0.284352	0.296578
0.278549	0.211209	0.313999	0.196243
0.281536	0.241710	0.250367	0.226387
0.373665	0.411218	0.138781	0.076335
0.064843	0.773401	0.107124	0.054633
0.040880	0.768831	0.108483	0.081806
0.811800	0.050227	0.102945	0.035027
0.022362	0.934622	0.017200	0.025816
0.023955	0.019176	0.930701	0.026168
0.053949	0.159291	0.063341	0.723419
0.073253	0.053662	0.824724	0.048361
0.381254	0.087111	0.381802	0.149833
0.096491	0.293905	0.309252	0.300351
0.191417	0.355179	0.229819	0.223585
0.238910	0.280104	0.209081	0.271906
0.218751	0.251843	0.269061	0.260345
