>VDR
0.227266	0.147379	0.553284	0.072071
0.460391	0.015793	0.521183	0.002632
0.009108	0.005115	0.978166	0.007611
0.005458	0.010495	0.372376	0.611671
0.069330	0.082522	0.168975	0.679173
0.014328	0.782577	0.044551	0.158544
0.590981	0.025947	0.336732	0.046340
0.165224	0.223485	0.171176	0.440115
0.183844	0.271369	0.190248	0.354538
0.214958	0.156036	0.562829	0.066178
0.437727	0.015521	0.541620	0.005132
0.002403	0.000632	0.992284	0.004680
0.007459	0.002309	0.338483	0.651749
0.070337	0.078526	0.188717	0.662420
0.013149	0.748871	0.058115	0.179866
0.586808	0.027881	0.341887	0.043425
0.185851	0.248566	0.206373	0.359210
