>ZBED9
0.116656	0.410496	0.216141	0.256707
0.003944	0.224378	0.002549	0.769130
0.025220	0.000107	0.974351	0.000322
0.000107	0.000000	0.999785	0.000107
0.000751	0.991093	0.002468	0.005688
0.000000	0.998390	0.000000	0.001610
0.982722	0.003434	0.011269	0.002576
0.464048	0.114188	0.336338	0.085426
0.266152	0.006546	0.012771	0.714531
0.387637	0.036167	0.146598	0.429599
0.002898	0.838377	0.006654	0.152071
0.007405	0.324962	0.513522	0.154110
0.187809	0.658296	0.150676	0.003220
0.095192	0.002361	0.901481	0.000966
0.643808	0.034879	0.059669	0.261644
0.815733	0.016527	0.005473	0.162267
0.227731	0.235566	0.226229	0.310474
0.059133	0.081670	0.064928	0.794269
0.088216	0.027366	0.852973	0.031445
0.171496	0.146383	0.609788	0.072333
0.027366	0.896544	0.027366	0.048723
0.087438	0.590551	0.096131	0.225880
0.433838	0.104153	0.342509	0.119500
