>ZBED5
0.244379	0.319890	0.237709	0.198022
0.224350	0.292197	0.286127	0.197327
0.208025	0.294297	0.340843	0.156835
0.163278	0.274981	0.307957	0.253785
0.185261	0.247014	0.340880	0.226845
0.168066	0.312674	0.253330	0.265930
0.195712	0.315761	0.234591	0.253936
0.182829	0.377447	0.237698	0.202025
0.160546	0.389559	0.252200	0.197696
0.288757	0.183063	0.393551	0.134629
0.105945	0.629967	0.138578	0.125511
0.021387	0.021105	0.939417	0.018091
0.029518	0.032025	0.741929	0.196528
0.406558	0.325108	0.081952	0.186382
0.900857	0.035432	0.040586	0.023125
0.043311	0.907835	0.026520	0.022334
0.113746	0.760075	0.096969	0.029210
0.037397	0.763196	0.144020	0.055386
0.113224	0.425205	0.172589	0.288983
0.223756	0.208594	0.288852	0.278799
