>ZBTB24
0.157779	0.234316	0.364178	0.243726
0.244824	0.457497	0.173306	0.124373
0.447302	0.483689	0.015056	0.053952
0.979925	0.000627	0.017566	0.001882
0.000000	0.000000	1.000000	0.000000
0.000000	0.000000	1.000000	0.000000
0.047679	0.000000	0.000000	0.952321
0.000000	1.000000	0.000000	0.000000
0.000000	1.000000	0.000000	0.000000
0.000000	0.000000	0.000000	1.000000
0.020703	0.001255	0.804266	0.173777
0.066499	0.023212	0.858846	0.051443
0.587202	0.371393	0.006274	0.035132
0.922208	0.027604	0.014429	0.035759
0.005019	0.010038	0.978670	0.006274
0.207654	0.220828	0.533877	0.037641
0.053325	0.012547	0.106023	0.828105
0.345671	0.232120	0.155583	0.266625
0.690088	0.094103	0.111041	0.104768
0.365747	0.274780	0.161230	0.198243
0.514429	0.107905	0.150565	0.227102
0.339241	0.135351	0.309755	0.215652
