>ZBTB41
0.271772	0.196027	0.240993	0.291208
0.231127	0.578988	0.049534	0.140351
0.081416	0.313272	0.528852	0.076459
0.127260	0.462421	0.216413	0.193905
0.134808	0.700460	0.072591	0.092141
0.066830	0.679078	0.178447	0.075645
0.039590	0.557921	0.242612	0.159876
0.091397	0.123628	0.187362	0.597612
0.228387	0.295383	0.200132	0.276098
0.345516	0.089121	0.436953	0.128410
0.262444	0.225951	0.279290	0.232315
0.249255	0.054062	0.484949	0.211733
0.170892	0.201119	0.370143	0.257846
0.318614	0.225314	0.349269	0.106803
0.145305	0.522804	0.246776	0.085114
0.094549	0.803831	0.075310	0.026311
0.051677	0.828923	0.080467	0.038933
0.089362	0.760634	0.102464	0.047540
0.048317	0.569314	0.102917	0.279452
0.265288	0.276353	0.199972	0.258388
