>ZBTB40
0.167284	0.310060	0.081790	0.440866
0.139982	0.404025	0.133238	0.322755
0.753461	0.055155	0.141206	0.050177
0.957897	0.000521	0.010412	0.031171
0.000200	0.001201	0.000801	0.997797
0.999332	0.000267	0.000267	0.000134
0.999733	0.000000	0.000267	0.000000
0.998998	0.000067	0.000200	0.000735
0.002330	0.000466	0.995872	0.001331
0.020720	0.042325	0.004106	0.932849
0.033110	0.033855	0.035346	0.897689
0.050656	0.013244	0.052060	0.884040
0.047834	0.038967	0.037520	0.875679
0.215123	0.031467	0.665111	0.088299
0.048464	0.043710	0.057971	0.849855
0.059403	0.093945	0.065169	0.781483
0.093294	0.155020	0.527975	0.223711
0.521358	0.131560	0.107293	0.239789
0.324241	0.186389	0.265410	0.223960
0.355631	0.131784	0.289300	0.223285
