>ZBTB47
0.205040	0.341913	0.231943	0.221104
0.136058	0.447844	0.145641	0.270456
0.215766	0.173700	0.479024	0.131510
0.131484	0.113609	0.595613	0.159294
0.200851	0.360314	0.217812	0.221022
0.299844	0.326576	0.225498	0.148082
0.321383	0.289074	0.197098	0.192446
0.193786	0.289965	0.267390	0.248860
0.072822	0.275834	0.355415	0.295929
0.500025	0.164463	0.173321	0.162191
0.632038	0.106105	0.127548	0.134309
0.416742	0.196647	0.233548	0.153064
0.063957	0.147793	0.633158	0.155093
0.168818	0.165343	0.603997	0.061842
0.051464	0.047607	0.856715	0.044214
0.043393	0.062337	0.059091	0.835179
0.050306	0.065059	0.062218	0.822417
0.811974	0.048114	0.083986	0.055927
0.773470	0.075980	0.077680	0.072870
0.235182	0.294196	0.147437	0.323184
