>ZFAT
0.100000	0.008333	0.866667	0.025000
0.008333	0.975000	0.000000	0.016667
0.808333	0.050000	0.008333	0.133333
0.000000	0.191667	0.800000	0.008333
0.833333	0.000000	0.008333	0.158333
0.008333	0.008333	0.008333	0.975000
0.008333	0.000000	0.016667	0.975000
0.000000	0.991667	0.008333	0.000000
0.041667	0.058333	0.883333	0.016667
0.408333	0.291667	0.008333	0.291667
0.008333	0.883333	0.033333	0.075000
0.883333	0.025000	0.058333	0.033333
0.450000	0.275000	0.075000	0.200000
0.600000	0.100000	0.158333	0.141667
0.491667	0.116667	0.233333	0.158333
