>ZFP28
0.753000	0.081000	0.069000	0.097000
0.630478	0.036853	0.295817	0.036853
0.901394	0.020916	0.028885	0.048805
0.688008	0.041667	0.216463	0.053862
0.150415	0.536307	0.030083	0.283195
0.039030	0.064346	0.034810	0.861814
0.063333	0.187778	0.610000	0.138889
0.804087	0.063702	0.073317	0.058894
0.042746	0.809585	0.037565	0.110104
0.482044	0.294199	0.029006	0.194751
0.205966	0.546875	0.063921	0.183239
0.373547	0.420058	0.053779	0.152616
0.605030	0.072485	0.090237	0.232249
0.177273	0.007576	0.753030	0.062121
0.876563	0.014063	0.039062	0.070312
0.355183	0.038110	0.422256	0.184451
0.137346	0.001543	0.853395	0.007716
0.976994	0.007669	0.001534	0.013804
0.722727	0.019697	0.195455	0.062121
0.734848	0.007576	0.219697	0.037879
0.121257	0.157186	0.115269	0.606287
0.527778	0.071637	0.188596	0.211988
0.172059	0.013235	0.807353	0.007353
0.971893	0.001479	0.019231	0.007396
0.440058	0.100877	0.323099	0.135965
0.568713	0.182749	0.071637	0.176901
0.277299	0.145115	0.219828	0.357759
0.199153	0.515537	0.103107	0.182203
0.314865	0.406757	0.071622	0.206757
0.141927	0.105469	0.095052	0.657552
0.408565	0.084491	0.329861	0.177083
0.617457	0.134698	0.121767	0.126078
0.613265	0.066326	0.217347	0.103061
0.138359	0.130725	0.134542	0.596374
0.753584	0.036738	0.119176	0.090502
0.181408	0.044224	0.708484	0.065884
0.218421	0.253509	0.074561	0.453509
0.100862	0.718103	0.042241	0.138793
0.184256	0.589100	0.032007	0.194637
0.142734	0.087370	0.080450	0.689446
0.606514	0.074824	0.180458	0.138204
0.209364	0.149293	0.103357	0.537986
