>ZFP3
0.030000	0.005510	0.956530	0.007959
0.020833	0.043561	0.929924	0.005682
0.021768	0.380607	0.040238	0.557388
0.080452	0.192154	0.064495	0.662899
0.019385	0.145053	0.024733	0.810829
0.030488	0.060298	0.022358	0.886856
0.075276	0.036602	0.854282	0.033840
0.696733	0.120028	0.100142	0.083097
0.633191	0.071937	0.211538	0.083333
0.060714	0.009286	0.917857	0.012143
0.098419	0.084052	0.693247	0.124282
0.577536	0.076087	0.180435	0.165942
0.085277	0.073615	0.029883	0.811224
0.134840	0.041545	0.793732	0.029883
0.464076	0.203079	0.091642	0.241202
0.509559	0.053677	0.388971	0.047794
0.000733	0.047654	0.032991	0.918622
0.986192	0.003634	0.003634	0.006541
0.087176	0.009366	0.894092	0.009366
0.029710	0.000725	0.965942	0.003623
0.989130	0.006522	0.000725	0.003623
0.015086	0.000718	0.980603	0.003592
0.011972	0.135915	0.014789	0.837324
0.003500	0.082360	0.051097	0.863043
