>ZFP91
0.109903	0.282484	0.221963	0.385650
0.219734	0.257877	0.049385	0.473003
0.044915	0.793551	0.015771	0.145763
0.000083	0.000078	0.000078	0.999760
0.000083	0.000078	0.000078	0.999760
0.999760	0.000078	0.000078	0.000083
0.999760	0.000078	0.000078	0.000083
0.997519	0.000078	0.002320	0.000083
0.000083	0.000078	0.999755	0.000083
0.074044	0.071798	0.721836	0.132323
0.105428	0.109898	0.672525	0.112148
0.567186	0.264557	0.168174	0.000083
0.074098	0.768847	0.002320	0.154735
0.885454	0.107661	0.004561	0.002325
0.056114	0.217539	0.659027	0.067320
0.237725	0.239893	0.237652	0.284730
0.264555	0.262360	0.342997	0.130089
0.284788	0.412475	0.109902	0.192836
0.210766	0.506660	0.143531	0.139043
