>ZIM3
0.327922	0.107143	0.242208	0.322727
0.306347	0.145725	0.391839	0.156088
0.212532	0.439922	0.171189	0.176357
0.375000	0.208333	0.190385	0.226282
0.418170	0.098583	0.348582	0.134665
0.239822	0.150763	0.461196	0.148219
0.238608	0.453797	0.114557	0.193038
0.985480	0.005682	0.005682	0.003157
0.952652	0.000631	0.013258	0.033460
0.043561	0.937500	0.018308	0.000631
0.995524	0.000639	0.000639	0.003197
0.000638	0.003189	0.995536	0.000638
0.852757	0.108396	0.018170	0.020677
0.990602	0.005639	0.003133	0.000627
0.699627	0.025497	0.057836	0.217040
0.138889	0.417901	0.217901	0.225309
0.081098	0.893293	0.005488	0.020122
0.082729	0.461957	0.036836	0.418478
0.555889	0.226563	0.103966	0.113582
0.421651	0.258971	0.153708	0.165670
0.272024	0.152976	0.250595	0.324405
0.461217	0.153341	0.184368	0.201074
0.299641	0.189593	0.136962	0.373804
0.265663	0.258434	0.270482	0.205422
0.730072	0.126208	0.094807	0.048913
0.351695	0.303269	0.177361	0.167676
0.223105	0.296455	0.164425	0.316015
0.253686	0.234029	0.265971	0.246314
0.324939	0.221744	0.202088	0.251229
0.300124	0.191213	0.272896	0.235767
0.278125	0.163125	0.353125	0.205625
0.234296	0.259422	0.307161	0.199121
0.325448	0.212916	0.171995	0.289642
