>ZKSCAN4
0.118227	0.019704	0.113300	0.748768
0.054187	0.000000	0.933498	0.012315
0.093596	0.000000	0.901478	0.004926
0.012315	0.002463	0.943350	0.041872
0.827586	0.133005	0.024631	0.014778
0.024631	0.147783	0.014778	0.812808
0.948276	0.000000	0.051724	0.000000
0.024631	0.039409	0.231527	0.704433
0.980296	0.012315	0.007389	0.000000
0.007389	0.965517	0.002463	0.024631
0.004926	0.054187	0.009852	0.931034
0.032020	0.216749	0.115764	0.635468
0.709360	0.019704	0.199507	0.071429
0.051724	0.133005	0.224138	0.591133
0.310345	0.302956	0.339901	0.046798
