>ZNF16
0.049206	0.052881	0.107897	0.790017
0.512835	0.003350	0.358341	0.125474
0.003794	0.000711	0.990040	0.005454
0.000237	0.001067	0.992175	0.006521
0.000356	0.002490	0.996324	0.000830
0.998103	0.000830	0.000356	0.000711
0.000593	0.000119	0.998933	0.000356
0.000711	0.994072	0.000474	0.004743
0.001779	0.852028	0.000949	0.145245
0.996206	0.003083	0.000237	0.000474
0.005573	0.138369	0.020038	0.836021
0.265947	0.009248	0.635523	0.089281
0.001897	0.005573	0.987788	0.004743
0.677377	0.138961	0.117975	0.065687
0.653308	0.005454	0.238795	0.102442
0.045293	0.003201	0.897439	0.054067
0.027389	0.004861	0.964074	0.003676
0.078255	0.061774	0.018497	0.841475
0.024069	0.012805	0.316220	0.646905
0.114418	0.395305	0.142756	0.347522
0.049206	0.046597	0.116196	0.788001
0.438700	0.000830	0.138250	0.422220
0.008537	0.018615	0.964667	0.008181
0.795352	0.004980	0.197060	0.002608
0.040402	0.177703	0.776470	0.005424
0.220536	0.509248	0.175362	0.094854
