>ZNF14
0.157025	0.016529	0.115702	0.710744
0.024793	0.826446	0.074380	0.074380
0.082645	0.107438	0.024793	0.785124
0.198347	0.057851	0.586777	0.157025
0.710744	0.132231	0.115702	0.041322
0.123967	0.644628	0.074380	0.157025
0.132231	0.702479	0.074380	0.090909
0.834711	0.024793	0.057851	0.082645
0.214876	0.057851	0.644628	0.082645
0.206612	0.107438	0.082645	0.603306
0.917355	0.033058	0.033058	0.016529
0.479339	0.066116	0.429752	0.024793
0.760331	0.049587	0.132231	0.057851
0.099174	0.619835	0.082645	0.198347
0.107438	0.735537	0.024793	0.132231
0.033058	0.644628	0.181818	0.140496
0.892562	0.082645	0.000000	0.024793
0.132231	0.016529	0.842975	0.008264
0.165289	0.016529	0.793388	0.024793
0.066116	0.826446	0.057851	0.049587
0.892562	0.033058	0.057851	0.016529
