>ZNF134
0.171296	0.056070	0.566358	0.206276
0.093107	0.056070	0.718621	0.132202
0.084876	0.047840	0.739198	0.128086
0.078704	0.058128	0.109568	0.753601
0.066358	0.068416	0.778292	0.086934
0.097222	0.045782	0.737140	0.119856
0.078704	0.054012	0.753601	0.113683
0.043724	0.695988	0.099280	0.161008
0.132202	0.685700	0.080761	0.101337
0.111626	0.109568	0.091049	0.687757
0.088992	0.541667	0.179527	0.189815
0.601337	0.154835	0.146605	0.097222
0.175412	0.313272	0.041667	0.469650
0.068416	0.712449	0.019033	0.200103
0.008745	0.389403	0.006687	0.595165
0.722737	0.206276	0.023148	0.047840
0.994342	0.000514	0.004630	0.000514
0.008745	0.006687	0.033436	0.951132
0.000514	0.994342	0.000514	0.004630
0.996399	0.000514	0.000514	0.002572
0.000514	0.000514	0.998457	0.000514
0.010802	0.029321	0.276235	0.683642
0.012860	0.033436	0.029321	0.924383
0.012860	0.002572	0.984053	0.000514
0.951132	0.037551	0.006687	0.004630
0.708333	0.060185	0.109568	0.121914
0.045782	0.056070	0.870885	0.027263
