>ZNF142
0.033435	0.125633	0.759878	0.081054
0.025329	0.924012	0.015198	0.035461
0.016211	0.009119	0.959473	0.015198
0.012158	0.137791	0.829787	0.020263
0.020263	0.040527	0.872340	0.066869
0.129686	0.862209	0.003040	0.005066
0.011145	0.003040	0.980750	0.005066
0.000000	0.010132	0.984802	0.005066
0.003040	0.021277	0.968592	0.007092
0.091185	0.861196	0.004053	0.043566
0.094225	0.110436	0.702128	0.093212
0.042553	0.494428	0.420466	0.042553
