>ZNF160
0.509758	0.313801	0.081215	0.095226
0.177842	0.090572	0.266113	0.465472
0.414732	0.014812	0.390112	0.180344
0.067854	0.004203	0.919536	0.008407
0.957766	0.006405	0.027222	0.008607
0.753002	0.005004	0.237390	0.004604
0.584067	0.261409	0.053443	0.101081
0.025020	0.013811	0.032626	0.928543
0.144115	0.019816	0.826061	0.010008
0.480584	0.290833	0.211769	0.016813
0.982186	0.003803	0.010208	0.003803
0.879904	0.003603	0.115693	0.000801
0.950961	0.005204	0.041233	0.002602
0.887310	0.023619	0.051841	0.037230
0.013811	0.075260	0.021617	0.889311
0.355885	0.017614	0.509007	0.117494
0.032226	0.823859	0.041233	0.102682
0.860488	0.049640	0.023018	0.066853
0.385709	0.369496	0.109488	0.135308
0.052042	0.064452	0.050440	0.833066
0.402922	0.026021	0.407926	0.163131
0.290232	0.016013	0.666934	0.026821
0.818855	0.068455	0.080264	0.032426
0.524620	0.143915	0.188151	0.143315
0.665132	0.037230	0.261409	0.036229
