>ZNF146
0.050420	0.000000	0.945378	0.004202
0.016807	0.000000	0.983193	0.000000
0.995798	0.002101	0.002101	0.000000
0.884454	0.012605	0.102941	0.000000
0.004202	0.033613	0.000000	0.962185
0.991597	0.000000	0.006303	0.002101
0.008403	0.596639	0.052521	0.342437
0.008403	0.010504	0.014706	0.966387
1.000000	0.000000	0.000000	0.000000
0.000000	0.264706	0.014706	0.720588
0.191176	0.006303	0.415966	0.386555
0.004202	0.947479	0.012605	0.035714
0.932773	0.000000	0.050420	0.016807
0.031513	0.021008	0.945378	0.002101
0.002101	0.966387	0.004202	0.027311
0.119748	0.840336	0.002101	0.037815
0.777311	0.050420	0.094538	0.077731
0.023109	0.016807	0.039916	0.920168
0.275210	0.046218	0.642857	0.035714
0.993697	0.000000	0.002101	0.004202
0.995798	0.002101	0.002101	0.000000
0.951681	0.021008	0.027311	0.000000
0.997899	0.000000	0.000000	0.002101
0.550420	0.000000	0.432773	0.016807
0.014706	0.010504	0.911765	0.063025
