>ZNF131
0.234174	0.245152	0.275555	0.245119
0.237685	0.232606	0.282282	0.247427
0.255944	0.230366	0.226515	0.287176
0.220330	0.223198	0.245136	0.311336
0.128532	0.145041	0.586482	0.139945
0.176973	0.069074	0.339345	0.414608
0.042440	0.880097	0.028504	0.048959
0.054397	0.068033	0.826349	0.051221
0.134087	0.685062	0.123581	0.057270
0.198768	0.178424	0.447024	0.175783
0.150906	0.429929	0.129874	0.289291
0.074103	0.092378	0.731300	0.102219
0.040099	0.872285	0.041579	0.046038
0.047807	0.015429	0.890650	0.046114
0.605765	0.190109	0.043051	0.161075
0.090792	0.728229	0.091048	0.089931
0.334610	0.147405	0.367666	0.150319
0.202081	0.270892	0.277453	0.249574
0.273224	0.250681	0.238641	0.237454
0.255304	0.239786	0.255295	0.249615
