>ZNF18
0.295368	0.189107	0.105078	0.410447
0.168483	0.004408	0.808093	0.019016
0.000862	0.000000	0.999138	0.000000
0.001318	0.000000	0.000000	0.998682
0.006092	0.000000	0.993908	0.000000
0.011241	0.000000	0.017161	0.971598
0.002211	0.000000	0.997789	0.000000
0.988001	0.004525	0.000000	0.007474
0.912580	0.013415	0.036303	0.037702
0.020515	0.567839	0.094705	0.316940
0.119167	0.073014	0.141940	0.665878
0.046322	0.165304	0.738605	0.049769
0.079604	0.104185	0.613045	0.203166
0.177045	0.397033	0.265635	0.160287
0.191205	0.152771	0.421418	0.234605
