>ZNF107
0.090000	0.210000	0.180000	0.520000
0.086000	0.212000	0.096000	0.606000
0.168000	0.220000	0.496000	0.116000
0.106000	0.104000	0.156000	0.634000
0.062000	0.042000	0.892000	0.004000
0.046000	0.830000	0.020000	0.104000
0.310000	0.112000	0.548000	0.030000
0.072000	0.912000	0.006000	0.010000
0.096000	0.546000	0.014000	0.344000
0.008000	0.036000	0.006000	0.950000
0.008000	0.004000	0.914000	0.074000
0.018000	0.878000	0.022000	0.082000
0.508000	0.042000	0.432000	0.018000
0.038000	0.880000	0.020000	0.062000
0.044000	0.388000	0.048000	0.520000
0.162000	0.600000	0.072000	0.166000
0.098000	0.686000	0.060000	0.156000
0.548000	0.176000	0.138000	0.138000
0.366000	0.240000	0.278000	0.116000
0.400000	0.340000	0.112000	0.148000
0.126000	0.566000	0.160000	0.148000
0.104000	0.420000	0.114000	0.362000
0.108000	0.304000	0.248000	0.340000
0.152000	0.304000	0.416000	0.128000
0.208000	0.430000	0.194000	0.168000
