>ZNF229
0.062425	0.127263	0.032850	0.777462
0.354631	0.166073	0.451168	0.028127
0.047221	0.269860	0.030294	0.652626
0.027265	0.013393	0.917153	0.042189
0.076111	0.780161	0.017333	0.126394
0.137605	0.002384	0.858086	0.001925
0.839438	0.104131	0.020610	0.035820
0.076628	0.311888	0.177934	0.433551
0.175663	0.076139	0.662245	0.085953
0.058131	0.160680	0.022293	0.758896
0.423488	0.410369	0.027226	0.138916
0.885813	0.019761	0.052573	0.041853
0.074518	0.256584	0.106580	0.562318
0.071311	0.395020	0.287085	0.246585
0.179267	0.305470	0.308748	0.206515
0.217485	0.609638	0.061358	0.111519
0.120319	0.513044	0.151181	0.215456
0.131210	0.400082	0.217454	0.251255
0.267297	0.288173	0.132298	0.312232
