>ZNF275
0.425233	0.302509	0.134143	0.138115
0.089999	0.095418	0.806764	0.007820
0.029450	0.000797	0.966717	0.003036
0.025158	0.008097	0.007608	0.959137
0.017447	0.002334	0.978536	0.001683
0.014856	0.879061	0.004147	0.101936
0.079892	0.014579	0.002989	0.902540
0.497313	0.065052	0.090668	0.346967
0.106667	0.009138	0.825396	0.058799
0.008205	0.000454	0.945136	0.046206
0.026438	0.031199	0.889811	0.052552
0.350441	0.069225	0.369199	0.211136
0.055633	0.836870	0.055249	0.052248
0.099504	0.396733	0.333089	0.170674
0.010993	0.956067	0.009661	0.023279
0.382667	0.173529	0.290318	0.153487
0.169546	0.263372	0.127601	0.439481
0.216334	0.176740	0.221164	0.385761
