>ZNF226
0.525793	0.025793	0.430371	0.018043
0.059185	0.152549	0.060154	0.728112
0.302858	0.146282	0.339792	0.211068
0.509445	0.164810	0.104747	0.220998
0.018649	0.031000	0.931945	0.018406
0.927343	0.027367	0.026883	0.018406
0.015258	0.023129	0.011383	0.950230
0.920199	0.014531	0.015016	0.050254
0.900339	0.023371	0.064907	0.011383
0.893679	0.010899	0.049891	0.045532
0.016227	0.031848	0.176556	0.775369
0.455074	0.026156	0.341003	0.177767
0.011988	0.001453	0.985348	0.001211
0.009203	0.006660	0.969121	0.015016
0.282393	0.593001	0.042020	0.082587
0.911601	0.008719	0.069993	0.009688
0.549164	0.088399	0.035965	0.326471
0.288811	0.340518	0.095786	0.274885
0.106442	0.794502	0.064543	0.034512
0.112648	0.068085	0.664114	0.155153
0.208101	0.222148	0.122972	0.446779
