>ZNF286B
0.181155	0.170333	0.499353	0.149159
0.421109	0.251811	0.140449	0.186632
0.035300	0.494699	0.034302	0.435699
0.098716	0.057883	0.728478	0.114923
0.052670	0.019064	0.904680	0.023585
0.039395	0.056705	0.702447	0.201452
0.661612	0.068234	0.148081	0.122073
0.471133	0.025588	0.492606	0.010672
0.153042	0.069372	0.617636	0.159950
0.049918	0.936594	0.004916	0.008572
0.001454	0.005418	0.000264	0.992864
0.000130	0.971933	0.000000	0.027937
0.576619	0.039521	0.367670	0.016191
0.022377	0.041809	0.096337	0.839477
0.003039	0.000396	0.001057	0.995507
0.670305	0.268020	0.020558	0.041117
0.063102	0.823570	0.044310	0.069018
0.151542	0.467479	0.081694	0.299285
0.193486	0.150061	0.197854	0.458598
