>ZNF250
0.134328	0.701493	0.000000	0.164179
0.716418	0.089552	0.089552	0.104478
0.253731	0.194030	0.029851	0.522388
0.373134	0.000000	0.552239	0.074627
0.014925	0.731343	0.104478	0.149254
0.089552	0.104478	0.000000	0.805970
0.283582	0.029851	0.611940	0.074627
0.044776	0.089552	0.074627	0.791045
0.149254	0.029851	0.000000	0.820896
0.029851	0.089552	0.208955	0.671642
0.014925	0.014925	0.119403	0.850746
0.223881	0.029851	0.716418	0.029851
0.656716	0.029851	0.208955	0.104478
0.029851	0.089552	0.029851	0.850746
0.029851	0.223881	0.059701	0.686567
0.776119	0.179104	0.029851	0.014925
0.268657	0.641791	0.000000	0.089552
0.164179	0.029851	0.014925	0.791045
0.462687	0.074627	0.402985	0.059701
0.000000	0.268657	0.059701	0.671642
0.880597	0.014925	0.089552	0.014925
0.059701	0.000000	0.865672	0.074627
0.000000	0.940299	0.000000	0.059701
0.149254	0.029851	0.014925	0.805970
0.029851	0.029851	0.044776	0.895522
0.014925	0.000000	0.164179	0.820896
0.089552	0.029851	0.880597	0.000000
0.014925	0.029851	0.000000	0.955224
0.835821	0.000000	0.074627	0.089552
0.208955	0.238806	0.462687	0.089552
0.014925	0.074627	0.029851	0.880597
0.626866	0.000000	0.208955	0.164179
0.134328	0.044776	0.253731	0.567164
0.447761	0.164179	0.223881	0.164179
0.283582	0.044776	0.149254	0.522388
