>ZNF251
0.207774	0.160629	0.424010	0.207588
0.284827	0.254952	0.244871	0.215349
0.222118	0.282703	0.200730	0.294450
0.433451	0.210732	0.182041	0.173776
0.225251	0.345340	0.234065	0.195344
0.231923	0.238847	0.334894	0.194337
0.182446	0.139494	0.513907	0.164152
0.079899	0.604538	0.095925	0.219638
0.065480	0.021514	0.876542	0.036465
0.091565	0.452209	0.077986	0.378240
0.114513	0.224912	0.105393	0.555183
0.517397	0.111174	0.167376	0.204052
0.745506	0.133001	0.073254	0.048239
0.175028	0.262385	0.486920	0.075666
0.118479	0.430581	0.127275	0.323664
0.121142	0.059088	0.750028	0.069742
0.368168	0.383939	0.121146	0.126746
0.413074	0.155630	0.289966	0.141330
0.424839	0.242499	0.158646	0.174017
0.242943	0.279124	0.315965	0.161967
