>ZNF292
0.152328	0.745636	0.076683	0.025353
0.841438	0.046654	0.061825	0.050083
0.047174	0.047382	0.831567	0.073878
0.081047	0.531484	0.346633	0.040835
0.086139	0.330112	0.353283	0.230466
0.263716	0.135702	0.483375	0.117207
0.117727	0.424667	0.197319	0.260287
0.267768	0.199086	0.445761	0.087386
0.072319	0.529613	0.100790	0.297278
0.242311	0.417186	0.297693	0.042810
0.000000	0.328658	0.603699	0.067643
0.021717	0.978283	0.000000	0.000000
0.000000	0.000000	0.000000	1.000000
0.000935	0.000000	0.990337	0.008728
0.005923	0.976517	0.006650	0.010910
0.910744	0.002909	0.079489	0.006858
