>ZNF234
0.171127	0.298423	0.109215	0.421235
0.579848	0.120911	0.041960	0.257281
0.224299	0.005971	0.766096	0.003634
0.019039	0.038971	0.023501	0.918489
0.313988	0.050993	0.552190	0.082829
0.414215	0.225921	0.025085	0.334779
0.002093	0.038577	0.918361	0.040969
0.902424	0.091140	0.004789	0.001646
0.001215	0.044819	0.000456	0.953510
0.978875	0.001553	0.001709	0.017863
0.885180	0.025755	0.072662	0.016403
0.876008	0.003518	0.092042	0.028433
0.020613	0.089178	0.135414	0.754795
0.337978	0.054161	0.403313	0.204548
0.027966	0.004763	0.966810	0.000461
0.010526	0.000157	0.987745	0.001571
0.569879	0.213960	0.013992	0.202169
0.230278	0.000000	0.769179	0.000543
0.992749	0.003468	0.000000	0.003783
0.151720	0.251765	0.100045	0.496470
0.066568	0.901031	0.021502	0.010898
0.127451	0.016340	0.569561	0.286648
0.203165	0.271994	0.211709	0.313133
0.490769	0.153642	0.143652	0.211937
0.303974	0.254834	0.255012	0.186181
