>ZNF233
0.201269	0.195725	0.395136	0.207869
0.132143	0.255967	0.270775	0.341114
0.170335	0.271398	0.320924	0.237343
0.130808	0.284930	0.249540	0.334722
0.148659	0.321023	0.255284	0.275035
0.218030	0.224313	0.165187	0.392471
0.099989	0.128515	0.716452	0.055044
0.077131	0.776938	0.090823	0.055109
0.112369	0.104387	0.244341	0.538903
0.100296	0.103088	0.449754	0.346862
0.092488	0.769021	0.074133	0.064358
0.085922	0.575622	0.241049	0.097407
0.129215	0.126503	0.304224	0.440058
0.116189	0.099508	0.138088	0.646215
0.090174	0.492704	0.117940	0.299183
0.067517	0.240233	0.269566	0.422684
0.320995	0.105153	0.405807	0.168044
0.202228	0.218532	0.148259	0.430981
0.167810	0.253806	0.294257	0.284127
0.134531	0.328267	0.352063	0.185139
