>ZNF264
0.152542	0.093220	0.593220	0.161017
0.449153	0.076271	0.305085	0.169492
0.118644	0.177966	0.576271	0.127119
0.194915	0.076271	0.618644	0.110169
0.177966	0.093220	0.364407	0.364407
0.279661	0.398305	0.169492	0.152542
0.406780	0.194915	0.381356	0.016949
0.016949	0.288136	0.076271	0.618644
0.101695	0.000000	0.372881	0.525424
0.415254	0.000000	0.576271	0.008475
0.033898	0.000000	0.940678	0.025424
0.008475	0.483051	0.500000	0.008475
0.703390	0.025424	0.262712	0.008475
0.025424	0.050847	0.398305	0.525424
0.059322	0.033898	0.618644	0.288136
0.067797	0.033898	0.830508	0.067797
0.262712	0.000000	0.440678	0.296610
0.042373	0.008475	0.949153	0.000000
0.101695	0.779661	0.110169	0.008475
0.033898	0.881356	0.050847	0.033898
0.576271	0.364407	0.008475	0.050847
0.440678	0.110169	0.152542	0.296610
0.127119	0.398305	0.381356	0.093220
0.762712	0.059322	0.152542	0.025424
0.152542	0.194915	0.152542	0.500000
