>ZNF20
0.783029	0.023029	0.028127	0.165814
0.007745	0.000087	0.992071	0.000097
0.000097	0.000087	0.000087	0.999730
0.976787	0.000087	0.023029	0.000097
0.000097	0.956366	0.000087	0.043450
0.451500	0.015382	0.079115	0.454004
0.000097	0.900285	0.000087	0.099531
0.127581	0.000087	0.081664	0.790669
0.007745	0.958907	0.020480	0.012868
0.000097	0.979313	0.000087	0.020503
0.436229	0.035775	0.038324	0.489672
0.206609	0.599386	0.132711	0.061294
0.556069	0.168352	0.079127	0.196451
0.275515	0.107160	0.461696	0.155630
0.731493	0.045972	0.138152	0.084383
