>ZNF215
0.249345	0.304171	0.223532	0.222952
0.217706	0.291940	0.267711	0.222643
0.170793	0.318295	0.278724	0.232188
0.180599	0.362338	0.177643	0.279420
0.124025	0.040643	0.820261	0.015071
0.074949	0.693617	0.005883	0.225551
0.419096	0.000077	0.570992	0.009835
0.030490	0.678160	0.281216	0.010134
0.022394	0.913545	0.059317	0.004743
0.082339	0.093420	0.043010	0.781231
0.343181	0.331453	0.162379	0.162988
0.203418	0.545044	0.166562	0.084976
