>ZNF260
0.087622	0.187302	0.627132	0.097944
0.106388	0.144003	0.617802	0.131807
0.481251	0.200844	0.166998	0.150908
0.356735	0.246175	0.242971	0.154119
0.090390	0.128696	0.121385	0.659529
0.561773	0.187891	0.130937	0.119399
0.173876	0.202511	0.498137	0.125476
0.126215	0.170643	0.136250	0.566891
0.601027	0.158715	0.119815	0.120442
0.125421	0.258850	0.142639	0.473090
0.213572	0.169930	0.470788	0.145711
0.096864	0.649815	0.136239	0.117082
0.484161	0.147534	0.228306	0.139999
0.466173	0.166286	0.218239	0.149302
0.105537	0.642000	0.128265	0.124198
0.174161	0.487273	0.189971	0.148594
0.422359	0.119574	0.343339	0.114728
0.162329	0.286049	0.186689	0.364932
0.160678	0.221356	0.483965	0.134001
0.115707	0.208098	0.165502	0.510692
