>ZNF347
0.033605	0.839104	0.012220	0.115071
0.028513	0.862525	0.016293	0.092668
0.071283	0.690428	0.020367	0.217923
0.492872	0.150713	0.135438	0.220978
0.035642	0.625255	0.030550	0.308554
0.075356	0.272912	0.019348	0.632383
0.050916	0.750509	0.059063	0.139511
0.094705	0.692464	0.025458	0.187373
0.655804	0.076375	0.117108	0.150713
0.047862	0.072301	0.070265	0.809572
0.033605	0.867617	0.011202	0.087576
0.005092	0.906314	0.003055	0.085540
0.009165	0.937882	0.013238	0.039715
0.045825	0.869654	0.005092	0.079430
0.025458	0.248473	0.007128	0.718941
0.019348	0.186354	0.036660	0.757637
0.014257	0.065173	0.012220	0.908350
0.006110	0.780041	0.008147	0.205703
0.027495	0.694501	0.010183	0.267821
0.713849	0.106925	0.097760	0.081466
0.112016	0.112016	0.653768	0.122200
0.036660	0.717923	0.040733	0.204684
0.012220	0.124236	0.014257	0.849287
0.010183	0.879837	0.011202	0.098778
0.011202	0.909369	0.008147	0.071283
