>ZNF317
0.595270	0.046622	0.154730	0.203378
0.635811	0.108784	0.143919	0.111486
0.149324	0.033108	0.779054	0.038513
0.787162	0.035811	0.130405	0.046622
0.379054	0.200676	0.114189	0.306081
0.165541	0.030405	0.157432	0.646622
0.341216	0.035811	0.497973	0.125000
0.846622	0.011487	0.076351	0.065541
0.000676	0.925000	0.000676	0.073649
0.757432	0.033108	0.095270	0.114189
0.097973	0.030405	0.830405	0.041216
0.116892	0.811486	0.016892	0.054730
0.368243	0.068243	0.027703	0.535811
0.095270	0.008784	0.860135	0.035811
0.984459	0.003378	0.000676	0.011487
0.003378	0.643919	0.011487	0.341216
0.143919	0.025000	0.025000	0.806081
0.081757	0.084460	0.073649	0.760135
0.103378	0.592568	0.070946	0.233108
0.087162	0.122297	0.070946	0.719595
0.079054	0.587162	0.097973	0.235811
0.654730	0.114189	0.149324	0.081757
0.246622	0.176351	0.152027	0.425000
0.108784	0.546622	0.111486	0.233108
