>ZNF358
0.279847	0.097621	0.378591	0.243941
0.618492	0.072711	0.157092	0.151706
0.182226	0.000898	0.771993	0.044883
0.436266	0.019749	0.006284	0.537702
0.000000	0.041293	0.915619	0.043088
0.772890	0.061939	0.058348	0.106822
0.104129	0.833034	0.005386	0.057451
0.003591	0.993716	0.001795	0.000898
0.000000	0.210054	0.011670	0.778276
0.002693	0.000898	0.000898	0.995512
0.149910	0.002693	0.842908	0.004488
0.108618	0.050269	0.493716	0.347397
0.508079	0.336625	0.040395	0.114901
0.126571	0.155296	0.192998	0.525135
0.508977	0.166068	0.134650	0.190305
0.119390	0.035009	0.290844	0.554758
0.054758	0.048474	0.742370	0.154399
0.014363	0.068223	0.047576	0.869838
0.060144	0.642729	0.079892	0.217235
0.464991	0.120287	0.188510	0.226212
0.036804	0.032316	0.043986	0.886894
0.069120	0.031418	0.058348	0.841113
0.105027	0.040395	0.525135	0.329443
0.043088	0.373429	0.339318	0.244165
0.239452	0.461176	0.081463	0.217908
0.217684	0.351436	0.267953	0.162926
