>ZNF322
0.140592	0.436575	0.173362	0.249471
0.117336	0.650106	0.141649	0.090909
0.604651	0.157505	0.105708	0.132135
0.094080	0.052854	0.741015	0.112051
0.100423	0.045455	0.801268	0.052854
0.062368	0.873150	0.027484	0.036998
0.342495	0.120507	0.095137	0.441860
0.028541	0.568710	0.378436	0.024313
0.341438	0.167019	0.095137	0.396406
0.011628	0.012685	0.961945	0.013742
0.052854	0.036998	0.163848	0.746300
0.665962	0.088795	0.156448	0.088795
0.086681	0.463002	0.368922	0.081395
0.056025	0.621564	0.050740	0.271670
0.789641	0.027484	0.090909	0.091966
0.033827	0.001057	0.951374	0.013742
0.151163	0.035941	0.646934	0.165962
0.136364	0.723044	0.068710	0.071882
0.266385	0.181818	0.098309	0.453488
0.067653	0.686047	0.135307	0.110994
