>ZNF382
0.086000	0.102000	0.122000	0.690000
0.420000	0.074000	0.294000	0.212000
0.192000	0.036000	0.680000	0.092000
0.072000	0.080000	0.646000	0.202000
0.342000	0.094000	0.444000	0.120000
0.112000	0.162000	0.072000	0.654000
0.018000	0.838000	0.012000	0.132000
0.064000	0.060000	0.142000	0.734000
0.026000	0.036000	0.924000	0.014000
0.004000	0.020000	0.018000	0.958000
0.690000	0.012000	0.160000	0.138000
0.072000	0.222000	0.654000	0.052000
0.022000	0.014000	0.024000	0.940000
0.316000	0.016000	0.582000	0.086000
0.546000	0.146000	0.194000	0.114000
0.028000	0.050000	0.016000	0.906000
0.124000	0.024000	0.716000	0.136000
0.058000	0.202000	0.198000	0.542000
0.056000	0.820000	0.030000	0.094000
0.114000	0.254000	0.024000	0.608000
0.046000	0.806000	0.036000	0.112000
