>ZNF30
0.167401	0.517621	0.140969	0.174009
0.103524	0.244493	0.101322	0.550661
0.063877	0.185022	0.187225	0.563877
0.180617	0.174009	0.546256	0.099119
0.191630	0.114537	0.244493	0.449339
0.081498	0.041850	0.784141	0.092511
0.048458	0.008811	0.889868	0.052863
0.057269	0.215859	0.218062	0.508811
0.052863	0.063877	0.081498	0.801762
0.046256	0.079295	0.724670	0.149780
0.151982	0.277533	0.134361	0.436123
0.480176	0.191630	0.077093	0.251101
0.110132	0.050661	0.689427	0.149780
0.037445	0.145374	0.766520	0.050661
0.696035	0.193833	0.081498	0.028634
0.200441	0.685022	0.044053	0.070485
0.037445	0.017621	0.129956	0.814978
0.041850	0.033040	0.792952	0.132159
0.407489	0.290749	0.055066	0.246696
0.149780	0.090308	0.462555	0.297357
0.138767	0.123348	0.623348	0.114537
0.044053	0.253304	0.110132	0.592511
0.118943	0.383260	0.149780	0.348018
0.074890	0.618943	0.061674	0.244493
0.103524	0.533040	0.088106	0.275330
