>ZNF335
0.292320	0.130626	0.272408	0.304646
0.079002	0.809572	0.039207	0.072218
0.623952	0.188704	0.091428	0.095916
0.000435	0.000000	0.994349	0.005217
0.000436	0.000996	0.998569	0.000000
0.011604	0.985187	0.003148	0.000062
0.697204	0.026447	0.219560	0.056789
0.195289	0.342286	0.197470	0.264955
0.241775	0.287139	0.173480	0.297607
0.238799	0.202281	0.287904	0.271016
0.224251	0.357842	0.214032	0.203876
0.220464	0.342971	0.252181	0.184384
0.236588	0.268864	0.281451	0.213097
0.207195	0.295867	0.143299	0.353639
0.352495	0.062178	0.549053	0.036275
0.161436	0.009791	0.825945	0.002828
0.354458	0.320425	0.209904	0.115213
0.031553	0.879939	0.026981	0.061526
0.623645	0.091063	0.209072	0.076220
0.176594	0.504951	0.254267	0.064189
0.115786	0.745097	0.061586	0.077530
0.165877	0.399427	0.049909	0.384788
0.337496	0.299465	0.135956	0.227084
