>ZNF43
0.258320	0.229806	0.162665	0.349208
0.248215	0.286060	0.179946	0.285779
0.280872	0.143965	0.255567	0.319596
0.224882	0.185872	0.403387	0.185859
0.255262	0.125509	0.384781	0.234448
0.442021	0.158212	0.225404	0.174363
0.120184	0.215292	0.479575	0.184949
0.329181	0.417096	0.133005	0.120718
0.844111	0.044847	0.056237	0.054805
0.883090	0.028181	0.064092	0.024637
0.056847	0.365848	0.083635	0.493669
0.128463	0.478883	0.049942	0.342712
0.275895	0.269913	0.142834	0.311359
0.401663	0.072184	0.486482	0.039671
0.099625	0.225780	0.583565	0.091030
0.242919	0.255143	0.151397	0.350541
0.497905	0.097407	0.284025	0.120663
0.273914	0.228566	0.336164	0.161357
0.335686	0.280857	0.181353	0.202103
0.221526	0.209027	0.339368	0.230079
