>ZNF490
0.117371	0.065728	0.791080	0.025822
0.948357	0.007042	0.042254	0.002347
0.112676	0.718310	0.014085	0.154930
0.014085	0.889671	0.002347	0.093897
0.018779	0.906103	0.002347	0.072770
0.934272	0.018779	0.023474	0.023474
0.647887	0.053991	0.096244	0.201878
0.042254	0.347418	0.075117	0.535211
0.068075	0.018779	0.530516	0.382629
0.507042	0.002347	0.455399	0.035211
0.002347	0.028169	0.002347	0.967136
0.610329	0.272300	0.070423	0.046948
0.000000	0.000000	0.000000	1.000000
0.000000	0.000000	0.997653	0.002347
0.000000	0.772300	0.000000	0.227700
0.000000	0.004695	0.000000	0.995305
0.000000	0.000000	0.995305	0.004695
0.002347	0.478873	0.002347	0.516432
0.039906	0.854460	0.014085	0.091549
0.009390	0.018779	0.002347	0.969484
0.457746	0.009390	0.018779	0.514085
0.004695	0.983568	0.002347	0.009390
0.978873	0.014085	0.004695	0.002347
0.950704	0.000000	0.039906	0.009390
0.002347	0.004695	0.988263	0.004695
