>ZNF493
0.401606	0.113331	0.252987	0.232076
0.261576	0.088312	0.110717	0.539395
0.074683	0.011202	0.902913	0.011202
0.011202	0.005975	0.975355	0.007468
0.000747	0.001494	0.995519	0.002240
0.138910	0.829724	0.001494	0.029873
0.998506	0.000747	0.000000	0.000747
0.003734	0.993279	0.000747	0.002240
0.007468	0.020911	0.005975	0.965646
0.069455	0.003734	0.922330	0.004481
0.146378	0.010456	0.266617	0.576550
0.053025	0.174010	0.106049	0.666916
0.191187	0.649739	0.019417	0.139656
0.103062	0.404033	0.023152	0.469754
0.047050	0.023152	0.906647	0.023152
0.029873	0.016430	0.914115	0.039582
0.512323	0.106796	0.243465	0.137416
0.198656	0.055265	0.120986	0.625093
0.147125	0.054518	0.672890	0.125467
0.275579	0.370426	0.176251	0.177745
0.184466	0.470500	0.091113	0.253921
0.156833	0.330097	0.091113	0.421957
0.248693	0.389843	0.174010	0.187453
0.165795	0.097834	0.589246	0.147125
0.176624	0.161688	0.474608	0.187080
0.205937	0.391897	0.172330	0.229836
