>ZNF470
0.283084	0.308360	0.280054	0.128503
0.193302	0.519039	0.103888	0.183771
0.348794	0.333394	0.188859	0.128953
0.076128	0.115300	0.677226	0.131346
0.130951	0.232922	0.301330	0.334797
0.502269	0.121290	0.196630	0.179811
0.535224	0.186692	0.185875	0.092209
0.269359	0.429472	0.085180	0.215989
0.030034	0.830714	0.066537	0.072715
0.373359	0.268862	0.240851	0.116928
0.120778	0.075258	0.727382	0.076582
0.737373	0.086792	0.071421	0.104415
0.561776	0.157881	0.099446	0.180897
0.231170	0.062321	0.631262	0.075247
0.724610	0.079406	0.074614	0.121370
0.299411	0.387217	0.167680	0.145691
0.324071	0.077242	0.523649	0.075038
0.695432	0.101755	0.120977	0.081836
0.236374	0.263987	0.335730	0.163908
0.181717	0.195610	0.239439	0.383234
