>ZNF436
0.259018	0.086673	0.511523	0.142786
0.275050	0.058617	0.511523	0.154810
0.152806	0.066633	0.685872	0.094689
0.335170	0.313126	0.194890	0.156814
0.735972	0.072645	0.140782	0.050601
0.679860	0.016533	0.263026	0.040581
0.044589	0.044589	0.084669	0.826152
0.016533	0.932365	0.006513	0.044589
0.553607	0.299098	0.006513	0.140782
0.287074	0.062625	0.483467	0.166834
0.066633	0.004509	0.920341	0.008517
0.014529	0.002505	0.980461	0.002505
0.822144	0.048597	0.078657	0.050601
0.527555	0.008517	0.449399	0.014529
0.010521	0.002505	0.970441	0.016533
0.130762	0.062625	0.780060	0.026553
0.002505	0.996493	0.000501	0.000501
0.032565	0.038577	0.016533	0.912325
0.006513	0.048597	0.084669	0.860220
0.000501	0.980461	0.006513	0.012525
0.094689	0.816132	0.010521	0.078657
0.046593	0.126754	0.018537	0.808116
0.084669	0.002505	0.894289	0.018537
0.018537	0.006513	0.952405	0.022545
0.926353	0.010521	0.032565	0.030561
0.122745	0.002505	0.868236	0.006513
0.004509	0.000501	0.992485	0.002505
0.936373	0.022545	0.016533	0.024549
0.172846	0.002505	0.822144	0.002505
0.014529	0.006513	0.964429	0.014529
0.222946	0.224950	0.112725	0.439379
0.206914	0.024549	0.750000	0.018537
0.335170	0.064629	0.513527	0.086673
