>ZNF497
0.364573	0.169928	0.296601	0.168898
0.262616	0.366632	0.146241	0.224511
0.419156	0.139032	0.075180	0.366632
0.335736	0.073120	0.532441	0.058702
0.092688	0.138002	0.211123	0.558187
0.731205	0.164779	0.056643	0.047374
0.814624	0.089598	0.059732	0.036045
0.839341	0.070031	0.054583	0.036045
0.026777	0.648816	0.154480	0.169928
0.686921	0.000000	0.313079	0.000000
0.041195	0.162719	0.716787	0.079300
0.955716	0.005149	0.015448	0.023687
0.249228	0.021627	0.039135	0.690010
0.044284	0.036045	0.889804	0.029866
0.594233	0.159629	0.046344	0.199794
0.632338	0.005149	0.334706	0.027806
0.007209	0.787848	0.022657	0.182286
0.752832	0.082389	0.007209	0.157570
0.682801	0.104016	0.205973	0.007209
0.079300	0.025747	0.006179	0.888774
0.077240	0.453141	0.033986	0.435633
