>ZNF407
0.224840	0.193355	0.144084	0.437721
0.103182	0.207689	0.094012	0.595117
0.022426	0.052475	0.689129	0.235970
0.312417	0.085727	0.444874	0.156982
0.160848	0.497238	0.261710	0.080203
0.095449	0.740168	0.050817	0.113566
0.007291	0.942333	0.021100	0.029275
0.156540	0.270327	0.077773	0.495360
0.071918	0.406098	0.149028	0.372956
0.122846	0.388975	0.269885	0.218294
0.129916	0.211776	0.105060	0.553248
0.080977	0.609920	0.295404	0.013699
0.112461	0.012483	0.871741	0.003314
0.000884	0.090256	0.903668	0.005192
0.066394	0.838047	0.037229	0.058330
0.069929	0.519554	0.000994	0.409523
0.380910	0.104176	0.093791	0.421122
0.000663	0.999006	0.000331	0.000000
0.000884	0.996354	0.000994	0.001768
0.010163	0.002209	0.985197	0.002430
0.002209	0.002209	0.001878	0.993703
0.961335	0.032258	0.000221	0.006186
0.100724	0.204899	0.635412	0.058965
0.170846	0.402508	0.154717	0.271929
