>ZNF471
0.962438	0.005323	0.023200	0.009039
0.981822	0.008537	0.005925	0.003716
0.961735	0.019283	0.006026	0.012956
0.568545	0.001105	0.428643	0.001707
0.935924	0.001205	0.043688	0.019182
0.212012	0.000000	0.784674	0.003314
0.325399	0.034549	0.638044	0.002009
0.736969	0.000000	0.007934	0.255097
0.031536	0.021794	0.241539	0.705132
0.008637	0.000100	0.989957	0.001306
0.976097	0.002310	0.003816	0.017776
0.143115	0.018781	0.834790	0.003314
