>ZNF568
0.214624	0.245228	0.325708	0.214440
0.294913	0.292782	0.241852	0.170453
0.354603	0.194277	0.250022	0.201098
0.312581	0.245595	0.175399	0.266426
0.315468	0.333229	0.254276	0.097027
0.517533	0.072089	0.320818	0.089560
0.457886	0.124409	0.265410	0.152296
0.060498	0.066136	0.802963	0.070402
0.732941	0.107131	0.071339	0.088589
0.752885	0.059468	0.107377	0.080270
0.076766	0.608111	0.217647	0.097475
0.505667	0.129108	0.210983	0.154242
0.090488	0.127559	0.629401	0.152553
0.174926	0.366821	0.255252	0.203002
