>ZNF500
0.213105	0.349038	0.244009	0.193849
0.226398	0.340483	0.286450	0.146669
0.210365	0.291023	0.333221	0.165390
0.249249	0.368293	0.197512	0.184946
0.174972	0.263481	0.419281	0.142265
0.081224	0.494486	0.148871	0.275419
0.080910	0.034114	0.846961	0.038015
0.063467	0.072988	0.079153	0.784391
0.111010	0.761780	0.068244	0.058966
0.068879	0.261893	0.170608	0.498619
0.799558	0.040409	0.067347	0.092685
0.066155	0.793519	0.060922	0.079404
0.769981	0.058315	0.113258	0.058447
0.052321	0.850857	0.042890	0.053932
0.159360	0.264919	0.275058	0.300662
0.260523	0.195721	0.263969	0.279788
0.195671	0.333174	0.312009	0.159146
0.225760	0.472310	0.130618	0.171312
0.182224	0.379954	0.238781	0.199041
0.190613	0.348947	0.277382	0.183058
