>ZNF596
0.021127	0.947183	0.003521	0.028169
0.045775	0.059859	0.024648	0.869718
0.007042	0.859155	0.073944	0.059859
0.063380	0.063380	0.035211	0.838028
0.007042	0.897887	0.017606	0.077465
0.010563	0.119718	0.056338	0.813380
0.028169	0.901408	0.014085	0.056338
0.035211	0.049296	0.024648	0.890845
0.014085	0.880282	0.035211	0.070423
0.028169	0.130282	0.056338	0.785211
0.010563	0.890845	0.035211	0.063380
0.059859	0.116197	0.024648	0.799296
0.017606	0.813380	0.017606	0.151408
0.038732	0.052817	0.095070	0.813380
0.028169	0.823944	0.126761	0.021127
0.021127	0.130282	0.049296	0.799296
0.035211	0.876761	0.024648	0.063380
0.014085	0.066901	0.038732	0.880282
0.003521	0.883803	0.007042	0.105634
0.063380	0.077465	0.024648	0.834507
0.003521	0.894366	0.059859	0.042254
0.038732	0.091549	0.038732	0.830986
0.010563	0.890845	0.017606	0.080986
0.059859	0.052817	0.014085	0.873239
0.014085	0.880282	0.042254	0.063380
