>ZNF551
0.214000	0.038000	0.696000	0.052000
0.070000	0.804000	0.044000	0.082000
0.056000	0.608000	0.012000	0.324000
0.028000	0.082000	0.022000	0.868000
0.024000	0.626000	0.036000	0.314000
0.382000	0.064000	0.470000	0.084000
0.112000	0.038000	0.746000	0.104000
0.056000	0.128000	0.024000	0.792000
0.064000	0.150000	0.742000	0.044000
0.014000	0.050000	0.044000	0.892000
0.014000	0.694000	0.104000	0.188000
0.040000	0.840000	0.006000	0.114000
0.644000	0.126000	0.046000	0.184000
0.070000	0.218000	0.592000	0.120000
0.598000	0.060000	0.184000	0.158000
0.068000	0.078000	0.724000	0.130000
0.034000	0.116000	0.086000	0.764000
0.052000	0.062000	0.110000	0.776000
0.054000	0.048000	0.198000	0.700000
0.072000	0.150000	0.040000	0.738000
0.104000	0.064000	0.050000	0.782000
