>ZNF582
0.238095	0.204082	0.068027	0.489796
0.108844	0.136054	0.482993	0.272109
0.122449	0.088435	0.068027	0.721088
0.047619	0.142857	0.054422	0.755102
0.537415	0.238095	0.197279	0.027211
0.319728	0.571429	0.074830	0.034014
0.102041	0.115646	0.068027	0.714286
0.027211	0.047619	0.054422	0.870748
0.020408	0.299320	0.646259	0.034014
0.054422	0.863946	0.020408	0.061224
0.877551	0.047619	0.020408	0.054422
0.006803	0.074830	0.659864	0.258503
0.102041	0.687075	0.006803	0.204082
0.013605	0.789116	0.006803	0.190476
0.258503	0.326531	0.272109	0.142857
0.761905	0.047619	0.102041	0.088435
0.571429	0.034014	0.122449	0.272109
0.387755	0.170068	0.054422	0.387755
0.088435	0.326531	0.510204	0.074830
0.034014	0.863946	0.047619	0.054422
0.768707	0.136054	0.047619	0.047619
0.074830	0.183673	0.034014	0.707483
0.061224	0.190476	0.074830	0.673469
0.027211	0.768707	0.074830	0.129252
0.068027	0.489796	0.156463	0.285714
