>ZNF518B
0.227685	0.255544	0.289286	0.227486
0.231912	0.283884	0.254170	0.230034
0.218930	0.257914	0.272117	0.251039
0.236236	0.232513	0.262056	0.269195
0.174323	0.028967	0.774347	0.022363
0.015714	0.014677	0.016176	0.953433
0.883077	0.073715	0.020622	0.022586
0.020362	0.025538	0.935909	0.018191
0.407845	0.042595	0.356019	0.193542
0.238662	0.243742	0.228410	0.289186
0.264762	0.252360	0.231014	0.251865
0.242375	0.316689	0.078143	0.362793
0.026438	0.883875	0.069550	0.020136
0.021371	0.280491	0.170189	0.527949
0.913676	0.039323	0.027157	0.019844
0.075341	0.489637	0.078075	0.356947
0.225775	0.280182	0.221986	0.272057
0.216311	0.237767	0.291768	0.254154
0.259586	0.271732	0.246668	0.222015
0.237923	0.270045	0.257900	0.234133
