>ZNF57
0.092000	0.338000	0.130000	0.440000
0.250000	0.088000	0.344000	0.318000
0.116000	0.152000	0.372000	0.360000
0.248000	0.120000	0.042000	0.590000
0.840000	0.054000	0.080000	0.026000
0.038000	0.716000	0.052000	0.194000
0.616000	0.024000	0.026000	0.334000
0.058000	0.662000	0.060000	0.220000
0.014000	0.870000	0.012000	0.104000
0.062000	0.846000	0.002000	0.090000
0.076000	0.062000	0.088000	0.774000
0.078000	0.800000	0.026000	0.096000
0.058000	0.824000	0.004000	0.114000
0.080000	0.896000	0.002000	0.022000
0.126000	0.712000	0.012000	0.150000
0.110000	0.228000	0.382000	0.280000
0.114000	0.544000	0.118000	0.224000
0.158000	0.628000	0.094000	0.120000
0.054000	0.874000	0.026000	0.046000
0.100000	0.406000	0.028000	0.466000
0.152000	0.308000	0.146000	0.394000
