>ZNF510
0.079718	0.057524	0.152074	0.710684
0.045474	0.022764	0.739946	0.191816
0.419251	0.225099	0.258666	0.096984
0.219773	0.122927	0.047340	0.609960
0.007053	0.000327	0.990792	0.001829
0.445607	0.435325	0.037357	0.081711
0.154269	0.000657	0.844715	0.000358
0.000460	0.000132	0.999013	0.000395
0.561388	0.110986	0.210408	0.117218
0.733308	0.140957	0.088806	0.036929
0.569903	0.031000	0.095564	0.303533
0.030922	0.882669	0.077213	0.009196
0.023869	0.317983	0.110147	0.548000
0.620207	0.019440	0.179005	0.181349
0.299975	0.439562	0.169313	0.091150
0.298166	0.052284	0.031944	0.617607
0.935149	0.005196	0.043756	0.015900
0.174573	0.430250	0.273857	0.121320
0.035937	0.000128	0.963678	0.000257
0.944071	0.001293	0.016552	0.038084
0.029374	0.542720	0.024138	0.403768
0.024546	0.005242	0.955063	0.015150
0.056280	0.095174	0.107367	0.741180
0.074568	0.069246	0.516893	0.339293
0.370202	0.084603	0.341026	0.204168
0.202459	0.258479	0.257109	0.281953
