>ZNF575
0.119236	0.264379	0.187002	0.429383
0.224785	0.186715	0.367511	0.220989
0.037751	0.514170	0.279430	0.168649
0.059191	0.242197	0.034385	0.664226
0.151699	0.054693	0.792268	0.001340
0.005918	0.769592	0.003541	0.220949
0.070621	0.089876	0.210835	0.628668
0.109354	0.041229	0.553620	0.295797
0.075511	0.625805	0.240778	0.057907
0.108811	0.316974	0.080320	0.493894
0.150822	0.161103	0.602036	0.086039
0.052069	0.570936	0.068643	0.308352
