>ZNF569
0.250370	0.303735	0.230999	0.214896
0.280790	0.198717	0.316259	0.204234
0.358172	0.159137	0.289704	0.192988
0.252466	0.215857	0.255419	0.276257
0.048245	0.224441	0.697321	0.029993
0.172643	0.048819	0.741276	0.037261
0.440282	0.358230	0.059005	0.142484
0.269493	0.280691	0.216476	0.233340
0.354959	0.163464	0.062011	0.419566
0.653292	0.168749	0.072292	0.105667
0.081492	0.201772	0.664422	0.052314
0.034821	0.357843	0.032367	0.574968
0.796672	0.075164	0.063630	0.064534
0.263039	0.168936	0.276846	0.291179
0.351631	0.256724	0.105363	0.286281
0.264275	0.409770	0.119252	0.206703
0.303382	0.237763	0.240571	0.218284
0.244821	0.293431	0.158512	0.303236
0.274115	0.298275	0.213883	0.213727
0.290235	0.288239	0.218317	0.203209
