>ZNF648
0.082000	0.044000	0.768000	0.106000
0.378000	0.017000	0.439000	0.166000
0.580000	0.003000	0.394000	0.023000
0.103000	0.001000	0.840000	0.056000
0.034000	0.001000	0.953000	0.012000
0.012000	0.001000	0.986000	0.001000
0.284000	0.012000	0.703000	0.001000
0.719000	0.131000	0.141000	0.009000
0.144000	0.001000	0.852000	0.003000
0.201000	0.297000	0.441000	0.061000
0.215000	0.395000	0.240000	0.150000
0.248000	0.251000	0.394000	0.108000
0.226000	0.157000	0.542000	0.075000
0.204000	0.268000	0.450000	0.078000
0.362000	0.130000	0.275000	0.233000
0.179000	0.193000	0.540000	0.088000
0.096000	0.286000	0.462000	0.156000
0.145000	0.267000	0.307000	0.281000
0.181000	0.286000	0.426000	0.108000
0.267000	0.367000	0.218000	0.148000
0.181000	0.555000	0.112000	0.152000
0.087000	0.143000	0.733000	0.037000
0.018000	0.940000	0.035000	0.007000
0.007000	0.049000	0.026000	0.918000
0.001000	0.008000	0.937000	0.054000
0.310000	0.126000	0.253000	0.311000
0.045000	0.595000	0.269000	0.091000
0.033000	0.734000	0.214000	0.019000
0.408000	0.382000	0.104000	0.106000
0.066000	0.640000	0.188000	0.106000
0.279000	0.391000	0.217000	0.113000
