>ZNF676
0.337560	0.119967	0.420452	0.122022
0.083629	0.095360	0.765691	0.055320
0.021317	0.926827	0.005412	0.046445
0.031547	0.083128	0.837961	0.047364
0.969621	0.008638	0.016365	0.005375
0.032495	0.280536	0.417536	0.269432
0.178142	0.015904	0.582671	0.223284
0.012178	0.157862	0.827230	0.002731
0.072635	0.349344	0.017971	0.560051
0.175997	0.347075	0.102731	0.374198
0.294592	0.352441	0.297742	0.055224
0.056949	0.402319	0.029182	0.511550
0.213719	0.584032	0.024923	0.177327
0.425560	0.463749	0.048058	0.062633
0.015878	0.014224	0.954586	0.015311
0.046853	0.920150	0.008295	0.024701
0.799859	0.011848	0.173890	0.014403
0.005296	0.983292	0.003515	0.007896
0.404494	0.183732	0.232193	0.179580
0.090018	0.626654	0.095499	0.187829
0.227634	0.144246	0.271556	0.356564
