>ZNF623
0.025641	0.717949	0.102564	0.153846
0.025641	0.769231	0.042735	0.162393
0.059829	0.111111	0.068376	0.760684
0.316239	0.000000	0.683761	0.000000
0.008547	0.991453	0.000000	0.000000
0.000000	1.000000	0.000000	0.000000
0.495726	0.461538	0.000000	0.042735
0.000000	1.000000	0.000000	0.000000
1.000000	0.000000	0.000000	0.000000
0.000000	0.000000	1.000000	0.000000
0.000000	0.000000	1.000000	0.000000
0.641026	0.008547	0.350427	0.000000
0.000000	1.000000	0.000000	0.000000
0.000000	1.000000	0.000000	0.000000
0.000000	0.000000	0.000000	1.000000
0.000000	0.000000	0.000000	1.000000
0.000000	0.000000	0.017094	0.982906
0.008547	0.000000	0.991453	0.000000
0.000000	0.965812	0.000000	0.034188
0.974359	0.000000	0.017094	0.008547
0.008547	0.846154	0.025641	0.119658
