>ZNF618
0.574468	0.297872	0.085106	0.042553
0.659574	0.095745	0.021277	0.223404
0.542553	0.021277	0.117021	0.319149
0.638298	0.021277	0.127660	0.212766
0.595745	0.031915	0.148936	0.223404
0.414894	0.117021	0.063830	0.404255
0.191489	0.063830	0.000000	0.744681
0.000000	0.010638	0.021277	0.968085
0.010638	0.000000	0.287234	0.702128
0.021277	0.010638	0.372340	0.595745
0.606383	0.382979	0.010638	0.000000
0.968085	0.000000	0.031915	0.000000
0.670213	0.148936	0.148936	0.031915
0.468085	0.095745	0.053191	0.382979
0.202128	0.021277	0.085106	0.691489
0.095745	0.000000	0.031915	0.872340
0.127660	0.063830	0.287234	0.521277
0.329787	0.319149	0.031915	0.319149
0.489362	0.361702	0.000000	0.148936
0.893617	0.042553	0.000000	0.063830
