>ZNF668
0.125000	0.583000	0.131000	0.161000
0.126000	0.386000	0.119000	0.369000
0.101000	0.346000	0.362000	0.191000
0.058000	0.811000	0.054000	0.077000
0.269000	0.094000	0.114000	0.523000
0.105000	0.035000	0.777000	0.083000
0.002000	0.001000	0.988000	0.009000
0.003000	0.000000	0.995000	0.002000
0.000000	0.046000	0.001000	0.953000
0.000000	0.998000	0.001000	0.001000
0.039000	0.880000	0.000000	0.081000
0.025000	0.057000	0.004000	0.914000
0.931000	0.009000	0.042000	0.018000
0.502000	0.037000	0.448000	0.013000
0.601000	0.126000	0.061000	0.212000
0.090000	0.031000	0.842000	0.037000
0.186000	0.417000	0.246000	0.151000
0.158000	0.512000	0.228000	0.102000
