>ZNF696
0.345620	0.131656	0.308578	0.214146
0.289600	0.108414	0.443493	0.158493
0.112952	0.226027	0.272085	0.388936
0.007067	0.001950	0.988668	0.002315
0.049957	0.006823	0.254661	0.688559
0.002315	0.006336	0.002315	0.989034
0.970513	0.018643	0.010479	0.000366
0.937736	0.017302	0.043743	0.001218
0.000366	0.002681	0.994639	0.002315
0.743268	0.191300	0.011088	0.054344
0.942001	0.006092	0.035579	0.016328
0.685269	0.014012	0.136713	0.164006
0.002437	0.003290	0.982820	0.011454
0.382113	0.099671	0.482028	0.036189
0.054831	0.101011	0.298647	0.545510
0.059583	0.148410	0.298526	0.493481
0.044596	0.923602	0.022054	0.009748
0.299013	0.114902	0.105885	0.480200
0.007189	0.006214	0.982332	0.004265
0.600950	0.186792	0.066041	0.146217
0.065554	0.015231	0.808213	0.111003
0.046881	0.114993	0.591294	0.246832
0.177806	0.170738	0.413336	0.238120
