>ZNF699
0.203321	0.046315	0.584329	0.166036
0.083182	0.835089	0.017436	0.064293
0.351049	0.146503	0.447902	0.054545
0.039742	0.025063	0.803437	0.131758
0.046779	0.285660	0.606212	0.061350
0.005056	0.419663	0.005056	0.570225
0.481963	0.159396	0.270134	0.088507
0.261435	0.061267	0.494335	0.182963
0.064429	0.082401	0.108172	0.744998
0.031180	0.103563	0.667038	0.198218
0.770862	0.099096	0.044854	0.085188
0.795652	0.010507	0.115580	0.078261
0.003329	0.000832	0.988764	0.007074
0.003752	0.000000	0.992080	0.004168
0.007475	0.001246	0.987542	0.003738
0.000000	0.111026	0.000768	0.888206
0.035575	0.014855	0.907349	0.042220
0.547422	0.228257	0.075954	0.148367
0.222030	0.254846	0.192286	0.330839
