>ZNF672
0.184775	0.143098	0.420862	0.251265
0.123714	0.085317	0.615633	0.175335
0.198126	0.343775	0.182999	0.275100
0.291740	0.085677	0.444750	0.177834
0.067524	0.512981	0.138010	0.281485
0.179498	0.054512	0.580085	0.185905
0.417502	0.018333	0.462479	0.101687
0.222706	0.543578	0.192202	0.041514
0.115916	0.053220	0.622316	0.208548
0.365640	0.002390	0.619756	0.012215
0.001467	0.993597	0.001334	0.003601
0.875093	0.024931	0.033159	0.066816
0.000133	0.000000	0.993460	0.006407
0.082234	0.006967	0.889400	0.021398
0.033526	0.000000	0.941554	0.024920
0.000516	0.000258	0.951282	0.047944
0.456747	0.143466	0.391802	0.007985
0.427461	0.085392	0.275235	0.211912
0.005758	0.010076	0.015310	0.968856
0.106748	0.035619	0.714049	0.143584
0.425697	0.139276	0.347797	0.087230
0.064505	0.780133	0.014780	0.140582
0.090293	0.205310	0.457917	0.246480
0.175167	0.125380	0.532806	0.166646
0.256592	0.186454	0.257797	0.299157
0.420534	0.073334	0.326211	0.179922
0.333579	0.024064	0.097729	0.544629
0.109106	0.011178	0.061248	0.818468
0.018422	0.015881	0.932410	0.033287
0.176418	0.028581	0.771912	0.023089
0.280523	0.158775	0.415898	0.144804
