>ZNF665
0.255397	0.418793	0.106477	0.219333
0.240340	0.097516	0.578887	0.083257
0.641871	0.155368	0.074387	0.128374
0.319864	0.193431	0.301356	0.185349
0.099625	0.378340	0.057431	0.464604
0.075812	0.033694	0.601203	0.289290
0.270848	0.607546	0.091324	0.030281
0.178146	0.001868	0.819286	0.000700
0.963923	0.027439	0.004319	0.004319
0.461245	0.039136	0.275476	0.224142
0.976994	0.007669	0.013037	0.002301
0.017482	0.859438	0.046067	0.077014
0.179307	0.404222	0.120667	0.295804
0.210835	0.073138	0.135666	0.580361
0.222592	0.627348	0.006421	0.143639
0.116734	0.717202	0.024027	0.142037
0.033458	0.571036	0.025718	0.369788
0.089048	0.043810	0.506905	0.360238
0.221391	0.718750	0.017826	0.042033
0.010884	0.000259	0.987821	0.001037
0.980129	0.002581	0.004903	0.012387
0.013393	0.760491	0.101339	0.124777
0.029786	0.003564	0.948065	0.018585
0.172103	0.627077	0.080000	0.120821
0.482423	0.349406	0.042043	0.126128
0.269392	0.445949	0.210047	0.074612
0.278153	0.357175	0.229720	0.134953
