>ZNF732
0.204086	0.322528	0.250729	0.222658
0.183461	0.363263	0.184403	0.268873
0.229879	0.227027	0.204464	0.338630
0.152725	0.362453	0.143725	0.341097
0.206221	0.429573	0.120111	0.244095
0.166951	0.558538	0.183809	0.090703
0.082770	0.456339	0.162148	0.298743
0.165009	0.307237	0.192766	0.334988
0.148766	0.273036	0.195197	0.383001
0.078113	0.062741	0.769258	0.089887
0.295654	0.080905	0.548289	0.075153
0.050457	0.788789	0.057294	0.103460
0.800170	0.039419	0.110031	0.050380
0.072931	0.793593	0.066920	0.066556
0.055530	0.120344	0.122606	0.701520
0.067728	0.047192	0.832270	0.052810
0.181730	0.261514	0.353267	0.203488
0.236110	0.411926	0.126011	0.225952
0.152216	0.233533	0.462891	0.151360
0.201205	0.368892	0.163628	0.266275
