>ZNF746
0.216345	0.271299	0.263051	0.249305
0.187035	0.336304	0.258944	0.217717
0.160964	0.400638	0.171362	0.267036
0.203505	0.285834	0.325347	0.185314
0.136059	0.668702	0.072975	0.122264
0.054652	0.820935	0.045821	0.078592
0.079063	0.624793	0.180389	0.115754
0.341845	0.026835	0.116108	0.515213
0.132915	0.633184	0.087071	0.146831
0.170909	0.519690	0.144384	0.165017
0.250427	0.280407	0.213632	0.255534
0.216756	0.312081	0.189377	0.281787
0.267000	0.325500	0.202655	0.204845
0.236935	0.296257	0.240045	0.226763
0.238419	0.248435	0.273657	0.239489
