>ZNF729
0.092000	0.524000	0.234000	0.150000
0.096000	0.080000	0.034000	0.790000
0.072000	0.022000	0.704000	0.202000
0.058000	0.930000	0.004000	0.008000
0.186000	0.130000	0.132000	0.552000
0.014000	0.010000	0.590000	0.386000
0.008000	0.978000	0.010000	0.004000
0.942000	0.002000	0.038000	0.018000
0.008000	0.004000	0.988000	0.000000
0.024000	0.006000	0.950000	0.020000
0.004000	0.240000	0.012000	0.744000
0.012000	0.014000	0.006000	0.968000
0.000000	0.942000	0.008000	0.050000
0.004000	0.978000	0.000000	0.018000
0.202000	0.382000	0.080000	0.336000
0.160000	0.208000	0.208000	0.424000
0.144000	0.442000	0.094000	0.320000
0.140000	0.528000	0.114000	0.218000
0.166000	0.360000	0.148000	0.326000
