>ZNF775
0.219987	0.313696	0.195306	0.271011
0.216782	0.256163	0.230042	0.297014
0.204959	0.329347	0.206959	0.258735
0.190298	0.308529	0.240648	0.260524
0.174875	0.358852	0.189039	0.277234
0.167853	0.377418	0.253493	0.201236
0.086842	0.452253	0.058055	0.402850
0.363340	0.214949	0.078541	0.343170
0.372756	0.127453	0.336347	0.163444
0.363386	0.453540	0.148200	0.034874
0.037844	0.028246	0.049732	0.884178
0.056277	0.027138	0.029730	0.886855
0.050977	0.878017	0.045526	0.025481
0.256878	0.041183	0.133217	0.568723
0.040889	0.881545	0.027766	0.049800
0.243519	0.322920	0.131770	0.301791
0.067881	0.702140	0.052171	0.177808
0.163440	0.338797	0.148178	0.349585
0.202604	0.264951	0.207823	0.324622
0.225097	0.246721	0.236744	0.291438
