>ZNF705EP
0.004000	0.960000	0.004000	0.032000
0.008000	0.930000	0.024000	0.038000
0.006000	0.950000	0.038000	0.006000
0.004000	0.016000	0.002000	0.978000
0.008000	0.976000	0.010000	0.006000
0.004000	0.080000	0.008000	0.908000
0.004000	0.970000	0.008000	0.018000
0.004000	0.898000	0.004000	0.094000
0.000000	0.988000	0.000000	0.012000
0.000000	0.062000	0.000000	0.938000
0.006000	0.976000	0.002000	0.016000
0.008000	0.024000	0.000000	0.968000
0.006000	0.972000	0.016000	0.006000
0.004000	0.962000	0.006000	0.028000
0.018000	0.952000	0.010000	0.020000
0.004000	0.022000	0.006000	0.968000
0.000000	0.994000	0.000000	0.006000
0.002000	0.126000	0.004000	0.868000
0.002000	0.966000	0.004000	0.028000
0.012000	0.840000	0.002000	0.146000
0.008000	0.946000	0.006000	0.040000
