>ZNF772
0.021376	0.004685	0.954905	0.019034
0.017204	0.020425	0.050878	0.911493
0.811420	0.003221	0.174524	0.010835
0.964275	0.006442	0.027818	0.001464
0.006149	0.000878	0.008785	0.984187
0.002928	0.004685	0.018448	0.973939
0.934407	0.014348	0.049195	0.002050
0.841288	0.140556	0.007028	0.011127
0.224012	0.004100	0.733236	0.038653
0.039531	0.000878	0.762811	0.196779
0.037775	0.010542	0.157833	0.793851
0.061786	0.367204	0.080234	0.490776
0.443338	0.453587	0.102196	0.000878
0.077013	0.853880	0.013177	0.055930
0.002635	0.003221	0.014348	0.979795
0.993558	0.002343	0.002343	0.001757
0.987701	0.002050	0.003514	0.006735
0.001757	0.000293	0.013177	0.984773
0.001464	0.987994	0.010542	0.000000
0.992094	0.001171	0.000293	0.006442
0.001464	0.000586	0.997365	0.000586
0.015520	0.055051	0.014056	0.915373
0.082284	0.014934	0.013763	0.889019
0.018375	0.009590	0.958346	0.013690
0.897291	0.019400	0.061567	0.021742
