>ZNF724
0.095199	0.370028	0.175983	0.358790
0.362848	0.394004	0.123929	0.119218
0.967677	0.009532	0.014237	0.008554
0.819116	0.073791	0.051216	0.055877
0.027860	0.030750	0.903705	0.037686
0.041694	0.193534	0.054024	0.710748
0.006430	0.912690	0.003540	0.077341
0.097902	0.697251	0.063908	0.140938
0.991180	0.001615	0.005901	0.001304
0.884502	0.031467	0.031349	0.052681
0.027951	0.006559	0.964141	0.001349
0.009751	0.558010	0.016848	0.415391
0.892763	0.043963	0.038974	0.024300
0.060151	0.457253	0.060959	0.421636
0.089607	0.005047	0.896661	0.008685
0.084097	0.263977	0.020965	0.630961
0.091627	0.864069	0.016374	0.027929
0.059342	0.005820	0.928357	0.006480
0.051381	0.037750	0.294714	0.616155
0.225982	0.373030	0.198149	0.202840
0.414005	0.132175	0.301406	0.152415
0.512918	0.182027	0.181622	0.123433
0.101484	0.458904	0.212788	0.226824
0.156334	0.120132	0.595920	0.127614
0.159370	0.280773	0.306793	0.253065
0.141778	0.399957	0.158422	0.299843
