>ZNF726
0.126737	0.511351	0.165950	0.195963
0.282942	0.391943	0.169648	0.155466
0.062703	0.640850	0.103644	0.192804
0.088839	0.202840	0.537931	0.170390
0.165215	0.546293	0.107302	0.181191
0.347195	0.186801	0.282099	0.183906
0.235801	0.355406	0.204083	0.204710
0.204760	0.180071	0.069674	0.545495
0.495639	0.123142	0.314253	0.066966
0.067787	0.103448	0.649016	0.179749
0.353946	0.083280	0.486054	0.076719
0.132060	0.127369	0.546813	0.193758
0.589882	0.230460	0.139054	0.040605
0.056729	0.072469	0.074204	0.796599
0.068679	0.087697	0.054789	0.788835
0.166828	0.056964	0.415094	0.361114
0.049552	0.865304	0.048648	0.036495
0.046943	0.056671	0.194904	0.701481
0.109517	0.150997	0.200284	0.539202
0.424624	0.138786	0.324029	0.112561
