>ZNF780B
0.252431	0.244592	0.265559	0.237418
0.219813	0.248559	0.325556	0.206071
0.165360	0.304030	0.260499	0.270111
0.224694	0.246457	0.247316	0.281534
0.222674	0.171444	0.537969	0.067914
0.098951	0.751642	0.055898	0.093509
0.069280	0.099937	0.053363	0.777419
0.046628	0.035858	0.882225	0.035289
0.050695	0.854807	0.042978	0.051520
0.061056	0.050127	0.068812	0.820006
0.101279	0.087310	0.662955	0.148455
0.464218	0.149884	0.170361	0.215536
0.500108	0.100182	0.132177	0.267533
0.415151	0.134647	0.257050	0.193152
0.172347	0.403914	0.245064	0.178675
0.232754	0.295576	0.248139	0.223531
0.272986	0.211793	0.327124	0.188096
0.157999	0.408633	0.283134	0.150233
0.155947	0.342889	0.291623	0.209542
0.162320	0.278292	0.237656	0.321731
