>ZNF700
0.286519	0.178533	0.353158	0.181789
0.244685	0.186289	0.339046	0.229980
0.172933	0.397548	0.198433	0.231086
0.340211	0.293490	0.231830	0.134469
0.313087	0.117570	0.490705	0.078639
0.141294	0.164505	0.547188	0.147012
0.342378	0.074262	0.344703	0.238657
0.902910	0.026207	0.042831	0.028051
0.025286	0.828529	0.028084	0.118102
0.052009	0.356769	0.223445	0.367776
0.090220	0.029320	0.855571	0.024889
0.077502	0.232882	0.195298	0.494318
0.061142	0.482373	0.067018	0.389467
0.104875	0.250590	0.259473	0.385063
0.274645	0.405086	0.152382	0.167887
0.202078	0.347587	0.124969	0.325365
0.262933	0.180556	0.217710	0.338801
0.207773	0.231710	0.237599	0.322917
0.183496	0.352378	0.213088	0.251038
0.217300	0.322142	0.205961	0.254597
