>ZNF721
0.304466	0.275204	0.238392	0.181938
0.372614	0.148826	0.353478	0.125082
0.356795	0.174691	0.377921	0.090593
0.498456	0.105835	0.159367	0.236342
0.763414	0.058903	0.111656	0.066027
0.682755	0.061015	0.057283	0.198947
0.471985	0.077780	0.403729	0.046506
0.410137	0.428251	0.092686	0.068926
0.749976	0.117614	0.092061	0.040349
0.029263	0.049314	0.883547	0.037875
0.079207	0.564266	0.116394	0.240134
0.186216	0.055068	0.540826	0.217890
0.207967	0.155563	0.272486	0.363984
0.280235	0.274917	0.108349	0.336499
0.190481	0.353169	0.102620	0.353730
0.039701	0.812466	0.047724	0.100109
0.029364	0.650653	0.245190	0.074792
0.267547	0.237085	0.138647	0.356721
0.274968	0.275389	0.228859	0.220784
0.243157	0.279162	0.249346	0.228334
