>ZNF728
0.073314	0.114370	0.765396	0.046921
0.026393	0.941349	0.020528	0.011730
0.014663	0.017595	0.002933	0.964809
0.020528	0.002933	0.932551	0.043988
0.105572	0.064516	0.785924	0.043988
0.061584	0.038123	0.299120	0.601173
0.099707	0.184751	0.087977	0.627566
0.281525	0.645161	0.029326	0.043988
0.038123	0.809384	0.020528	0.131965
0.739003	0.014663	0.043988	0.202346
0.099707	0.073314	0.803519	0.023460
0.049853	0.023460	0.539589	0.387097
0.099707	0.545455	0.193548	0.161290
0.551320	0.155425	0.281525	0.011730
0.492669	0.196481	0.111437	0.199413
0.463343	0.205279	0.041056	0.290323
0.085044	0.780059	0.064516	0.070381
0.190616	0.759531	0.020528	0.029326
0.668622	0.155425	0.035191	0.140762
0.627566	0.196481	0.108504	0.067449
0.020528	0.653959	0.032258	0.293255
