>ZNF709
0.052632	0.827068	0.037594	0.082707
0.015038	0.075188	0.000000	0.909774
0.022556	0.744361	0.112782	0.120301
0.225564	0.293233	0.112782	0.368421
0.052632	0.195489	0.255639	0.496241
0.135338	0.646617	0.045113	0.172932
0.203008	0.105263	0.135338	0.556391
0.022556	0.789474	0.000000	0.187970
0.060150	0.774436	0.045113	0.120301
0.045113	0.082707	0.045113	0.827068
0.022556	0.285714	0.060150	0.631579
0.052632	0.804511	0.045113	0.097744
0.172932	0.045113	0.060150	0.721805
0.030075	0.165414	0.684211	0.120301
0.187970	0.075188	0.578947	0.157895
0.187970	0.082707	0.661654	0.067669
0.428571	0.300752	0.112782	0.157895
0.022556	0.796992	0.037594	0.142857
0.127820	0.082707	0.037594	0.751880
0.067669	0.736842	0.030075	0.165414
0.112782	0.548872	0.187970	0.150376
