>ZNF708
0.212591	0.179745	0.402372	0.205292
0.260036	0.132299	0.449818	0.157847
0.190693	0.125000	0.559307	0.125000
0.219891	0.376825	0.249088	0.154197
0.263686	0.460766	0.132299	0.143248
0.161496	0.172445	0.187044	0.479015
0.566606	0.168796	0.135949	0.128650
0.519161	0.095803	0.241788	0.143248
0.179745	0.165146	0.216241	0.438869
0.625000	0.121350	0.128650	0.125000
0.603102	0.070255	0.263686	0.062956
0.205292	0.041058	0.588504	0.165146
0.106752	0.311131	0.303832	0.278285
0.968066	0.000912	0.030110	0.000912
0.000912	0.000912	0.982664	0.015511
0.008212	0.044708	0.942518	0.004562
0.008212	0.416971	0.004562	0.570255
0.957117	0.019161	0.004562	0.019161
0.000912	0.840328	0.030110	0.128650
0.938869	0.000912	0.055657	0.004562
0.011861	0.008212	0.971715	0.008212
0.037409	0.873175	0.037409	0.052007
0.154197	0.311131	0.011861	0.522810
0.267336	0.176095	0.387774	0.168796
