>ZNF814
0.360531	0.134955	0.351025	0.153490
0.212598	0.248471	0.111559	0.427372
0.187083	0.077077	0.104696	0.631144
0.653248	0.153831	0.061654	0.131268
0.061050	0.235592	0.639294	0.064065
0.064838	0.142855	0.680586	0.111721
0.226814	0.057943	0.634639	0.080603
0.616309	0.122208	0.159345	0.102138
0.064989	0.192565	0.474165	0.268281
0.046189	0.157301	0.740190	0.056321
0.072158	0.042836	0.682640	0.202366
0.479689	0.197836	0.080972	0.241502
0.349256	0.350974	0.163144	0.136626
0.145006	0.411029	0.177454	0.266512
0.194648	0.244517	0.348793	0.212043
0.284568	0.234860	0.289382	0.191190
0.312474	0.169673	0.214257	0.303597
0.306709	0.238948	0.277012	0.177331
0.120492	0.287215	0.268374	0.323919
0.165112	0.257631	0.324653	0.252605
