>ZNF888
0.276456	0.260742	0.233275	0.229527
0.247090	0.197286	0.226383	0.329241
0.203386	0.216637	0.218056	0.361922
0.151268	0.465137	0.213867	0.169728
0.145705	0.580851	0.152387	0.121057
0.081852	0.653181	0.143286	0.121680
0.041972	0.761358	0.101369	0.095301
0.041437	0.752404	0.143762	0.062397
0.051763	0.726072	0.098128	0.124037
0.139803	0.242578	0.184599	0.433020
0.190330	0.254487	0.160566	0.394617
0.226875	0.162529	0.229877	0.380718
0.208679	0.155325	0.293160	0.342836
0.577843	0.200102	0.116671	0.105384
0.075048	0.147857	0.696659	0.080435
0.625365	0.111627	0.138790	0.124218
0.573250	0.197477	0.139784	0.089489
0.138836	0.368936	0.127772	0.364456
0.169682	0.352184	0.193298	0.284835
0.233487	0.227518	0.241320	0.297675
