>ZNF8
0.105618	0.137079	0.008989	0.748315
0.795506	0.047191	0.137079	0.020225
0.017978	0.011236	0.013483	0.957303
0.220225	0.000000	0.759551	0.020225
0.015730	0.020225	0.838202	0.125843
0.921348	0.011236	0.067416	0.000000
0.000000	0.159551	0.002247	0.838202
0.678652	0.011236	0.307865	0.002247
0.000000	0.000000	0.006742	0.993258
0.941573	0.000000	0.058427	0.000000
0.000000	0.995506	0.000000	0.004494
0.000000	1.000000	0.000000	0.000000
0.966292	0.004494	0.026966	0.002247
0.002247	0.835955	0.020225	0.141573
0.921348	0.015730	0.042697	0.020225
