>ZNF841
0.978840	0.000234	0.020669	0.000257
0.000257	0.000234	0.999252	0.000257
0.000257	0.999252	0.000234	0.000257
0.999276	0.000234	0.000234	0.000257
0.000257	0.732900	0.075271	0.191572
0.055004	0.937701	0.000234	0.007062
0.000257	0.965227	0.000234	0.034282
0.992471	0.000234	0.000234	0.007062
0.414891	0.198128	0.262556	0.124425
0.000257	0.000234	0.842248	0.157261
0.007062	0.000234	0.157217	0.835487
0.000257	0.937987	0.020648	0.041107
0.978861	0.000234	0.020648	0.000257
0.007062	0.972032	0.000234	0.020672
