>ZNF831
0.220692	0.281475	0.279548	0.218285
0.214941	0.268464	0.277828	0.238767
0.215239	0.306515	0.244692	0.233554
0.230294	0.295350	0.243208	0.231148
0.279428	0.299916	0.231763	0.188893
0.075717	0.340251	0.540911	0.043122
0.052951	0.033253	0.902147	0.011648
0.290814	0.066184	0.596580	0.046422
0.248040	0.101232	0.575753	0.074975
0.609830	0.052770	0.250820	0.086581
0.350760	0.180812	0.033616	0.434812
0.116596	0.358158	0.045374	0.479872
0.013267	0.921823	0.027415	0.037495
0.034913	0.740366	0.151033	0.073689
0.312683	0.200054	0.334259	0.153004
0.239148	0.272842	0.273081	0.214928
0.154665	0.252711	0.410612	0.182012
0.198956	0.255052	0.340673	0.205319
0.240404	0.226327	0.303289	0.229981
0.223185	0.276770	0.262352	0.237693
