>ZNF800
0.241831	0.286623	0.300360	0.171185
0.227675	0.327314	0.237025	0.207986
0.183932	0.377716	0.234419	0.203932
0.295068	0.206914	0.252615	0.245404
0.311264	0.130843	0.226714	0.331180
0.211851	0.257197	0.229414	0.301538
0.342478	0.056496	0.541538	0.059487
0.012726	0.960896	0.010744	0.015633
0.008129	0.012660	0.966640	0.012571
0.077298	0.796383	0.055827	0.070493
0.771174	0.026620	0.135571	0.066635
0.102164	0.520026	0.120682	0.257128
0.282650	0.175154	0.452280	0.089916
0.228905	0.257576	0.274785	0.238734
0.317268	0.191084	0.256341	0.235307
0.189135	0.289592	0.332734	0.188538
0.242813	0.303119	0.297344	0.156724
0.165530	0.383454	0.327884	0.123133
0.209900	0.248263	0.358122	0.183715
0.207560	0.286794	0.278815	0.226831
