>ZNF878
0.113987	0.457701	0.171432	0.256881
0.262132	0.263005	0.281519	0.193344
0.342989	0.155435	0.331103	0.170473
0.073326	0.714699	0.076103	0.135873
0.225746	0.272414	0.339982	0.161858
0.198488	0.236771	0.285752	0.278989
0.288822	0.191748	0.296093	0.223337
0.275923	0.119392	0.514339	0.090347
0.029681	0.826533	0.037341	0.106446
0.238001	0.136417	0.582585	0.042998
0.066502	0.064931	0.815728	0.052839
0.159103	0.167094	0.463283	0.210520
0.536419	0.120401	0.255781	0.087399
0.041618	0.611213	0.024998	0.322170
0.768233	0.043072	0.133782	0.054913
0.645266	0.107153	0.123047	0.124535
0.661923	0.069294	0.081020	0.187763
0.529135	0.072733	0.336663	0.061468
0.532322	0.067527	0.195942	0.204210
0.317447	0.203477	0.217293	0.261783
