>ZNF845
0.153648	0.461396	0.163567	0.221390
0.098369	0.407965	0.310100	0.183567
0.222496	0.282223	0.264246	0.231036
0.140446	0.359618	0.159662	0.340274
0.174308	0.310055	0.079879	0.435758
0.157462	0.277427	0.422714	0.142397
0.110592	0.253504	0.540100	0.095803
0.370704	0.231827	0.241807	0.155663
0.167090	0.309682	0.180899	0.342329
0.125084	0.435805	0.363390	0.075721
0.118790	0.270096	0.198203	0.412911
0.199288	0.096176	0.398146	0.306390
0.629409	0.100679	0.204166	0.065746
0.563832	0.091860	0.288669	0.055639
0.079623	0.174674	0.110709	0.634994
0.116361	0.571608	0.251282	0.060749
0.057303	0.750717	0.116633	0.075347
0.263850	0.129203	0.448521	0.158427
0.072538	0.792251	0.063157	0.072054
0.140040	0.301800	0.175120	0.383040
