>ZNF83
0.194302	0.208004	0.475201	0.122494
0.179745	0.445969	0.182545	0.191741
0.137027	0.250176	0.282620	0.330177
0.204763	0.198642	0.292897	0.303698
0.497751	0.257029	0.142353	0.102867
0.027912	0.881129	0.037009	0.053950
0.121622	0.057416	0.493048	0.327914
0.090064	0.052073	0.098607	0.759256
0.058572	0.474049	0.079227	0.388152
0.148069	0.243120	0.168608	0.440203
0.119335	0.133707	0.152556	0.594402
0.056800	0.547512	0.051897	0.343791
0.103057	0.091748	0.217918	0.587277
0.047677	0.862210	0.068689	0.021424
0.049774	0.282083	0.296420	0.371722
0.157029	0.100460	0.160637	0.581874
0.385245	0.139512	0.296321	0.178921
0.109922	0.360519	0.151028	0.378532
0.218115	0.215615	0.264551	0.301720
0.398294	0.230948	0.204678	0.166080
