>ZNF850
0.680751	0.131455	0.136150	0.051643
0.450704	0.145540	0.183099	0.220657
0.525822	0.150235	0.197183	0.126761
0.089202	0.723005	0.042254	0.145540
0.061033	0.859155	0.018779	0.061033
0.291080	0.079812	0.046948	0.582160
0.056338	0.107981	0.821596	0.014085
0.840376	0.032864	0.122066	0.004695
0.093897	0.046948	0.826291	0.032864
0.610329	0.009390	0.272300	0.107981
0.032864	0.014085	0.929577	0.023474
0.338028	0.023474	0.629108	0.009390
0.117371	0.014085	0.845070	0.023474
0.061033	0.046948	0.859155	0.032864
0.169014	0.671362	0.046948	0.112676
0.037559	0.206573	0.014085	0.741784
0.004695	0.431925	0.051643	0.511737
0.089202	0.807512	0.018779	0.084507
