>ZNF836
0.165156	0.053374	0.686808	0.094663
0.694864	0.074522	0.151057	0.079557
0.234642	0.071501	0.181269	0.512588
0.165156	0.065458	0.655589	0.113797
0.046324	0.114804	0.078550	0.760322
0.189325	0.063444	0.660624	0.086606
0.211480	0.038268	0.668681	0.081571
0.055388	0.736153	0.057402	0.151057
0.156093	0.658610	0.112790	0.072508
0.039275	0.065458	0.032226	0.863041
0.047331	0.005035	0.884189	0.063444
0.112790	0.043303	0.833837	0.010070
0.035247	0.882175	0.035247	0.047331
0.033233	0.077543	0.021148	0.868077
0.038268	0.027190	0.887210	0.047331
0.133938	0.738167	0.017120	0.110775
0.028197	0.035247	0.058409	0.878147
0.012085	0.086606	0.059416	0.841893
0.017120	0.811682	0.048338	0.122860
0.070493	0.064451	0.040282	0.824773
0.683787	0.104733	0.105740	0.105740
