>ZNF92
0.959677	0.004032	0.032258	0.004032
0.014113	0.014113	0.006048	0.965726
0.082661	0.000000	0.915323	0.002016
0.010081	0.147177	0.002016	0.840726
0.008065	0.949597	0.000000	0.042339
0.020161	0.943548	0.004032	0.032258
0.967742	0.002016	0.010081	0.020161
0.048387	0.002016	0.933468	0.016129
0.050403	0.000000	0.935484	0.014113
0.028226	0.925403	0.008065	0.038306
0.991935	0.000000	0.006048	0.002016
0.056452	0.002016	0.929435	0.012097
1.000000	0.000000	0.000000	0.000000
0.949597	0.004032	0.040323	0.006048
0.012097	0.004032	0.973790	0.010081
0.010081	0.092742	0.010081	0.887097
0.012097	0.413306	0.042339	0.532258
0.006048	0.018145	0.020161	0.955645
0.050403	0.012097	0.913306	0.024194
0.008065	0.937500	0.014113	0.040323
0.024194	0.026210	0.020161	0.929435
