>ZSCAN12
0.242000	0.184000	0.458000	0.116000
0.098000	0.360000	0.290000	0.252000
0.166000	0.222000	0.454000	0.158000
0.068000	0.120000	0.390000	0.422000
0.006000	0.042000	0.050000	0.902000
0.010000	0.172000	0.060000	0.758000
0.026000	0.794000	0.062000	0.118000
0.036000	0.364000	0.044000	0.556000
0.024000	0.920000	0.040000	0.016000
0.756000	0.086000	0.052000	0.106000
0.606000	0.198000	0.166000	0.030000
0.668000	0.144000	0.080000	0.108000
0.052000	0.506000	0.386000	0.056000
0.072000	0.178000	0.098000	0.652000
0.120000	0.252000	0.472000	0.156000
0.112000	0.172000	0.340000	0.376000
0.080000	0.234000	0.530000	0.156000
0.118000	0.248000	0.232000	0.402000
0.108000	0.228000	0.206000	0.458000
0.074000	0.646000	0.156000	0.124000
0.104000	0.624000	0.064000	0.208000
