>ZSCAN2
0.283241	0.092105	0.554709	0.069945
0.166898	0.108726	0.659972	0.064404
0.559917	0.185262	0.176997	0.077824
0.183011	0.271409	0.119475	0.426105
0.119146	0.135675	0.306474	0.438705
0.165978	0.174242	0.438705	0.221074
0.463699	0.189726	0.178767	0.167808
0.391393	0.008880	0.574454	0.025273
0.038828	0.011580	0.924387	0.025204
0.080357	0.192995	0.182005	0.544643
0.041896	0.267170	0.140797	0.550137
0.789148	0.030907	0.124313	0.055632
0.025343	0.000685	0.965068	0.008904
0.858219	0.063699	0.060959	0.017123
0.030654	0.662807	0.052452	0.254087
0.400136	0.218071	0.082201	0.299592
0.231658	0.247962	0.228940	0.291440
0.215353	0.411005	0.237092	0.136549
0.599593	0.182249	0.128049	0.090108
0.299592	0.019701	0.636549	0.044158
0.126366	0.038934	0.823087	0.011612
0.617123	0.159589	0.121233	0.102055
0.669178	0.006164	0.258219	0.066438
0.014423	0.003434	0.978709	0.003434
0.336777	0.061295	0.601240	0.000689
0.926105	0.050414	0.017265	0.006215
0.000691	0.945442	0.003453	0.050414
0.039365	0.102901	0.044889	0.812845
0.061295	0.022727	0.251377	0.664601
0.100416	0.615651	0.175208	0.108726
0.045139	0.809028	0.050694	0.095139
0.292361	0.306250	0.106250	0.295139
0.269391	0.144737	0.479917	0.105956
