>ZSCAN25
0.186491	0.209212	0.219322	0.384974
0.294692	0.061274	0.578632	0.065401
0.171964	0.482185	0.097074	0.248778
0.796498	0.098334	0.068268	0.036900
0.056566	0.118308	0.778095	0.047030
0.133124	0.182996	0.640540	0.043340
0.049681	0.034895	0.885648	0.029776
0.145776	0.079074	0.662971	0.112180
0.176281	0.150513	0.152858	0.520348
0.089586	0.062177	0.778315	0.069922
0.429606	0.235865	0.151660	0.182869
0.317858	0.128571	0.457153	0.096417
0.127855	0.049571	0.386189	0.436386
0.240005	0.357989	0.208515	0.193491
0.247158	0.227763	0.325150	0.199930
0.240435	0.234627	0.290159	0.234779
0.208565	0.251178	0.317997	0.222261
0.274533	0.243709	0.289822	0.191937
0.253237	0.256515	0.285790	0.204458
0.243044	0.192097	0.401121	0.163738
