>ZSCAN4
0.248478	0.045391	0.556982	0.149149
0.134771	0.401760	0.080027	0.383442
0.563991	0.206935	0.187042	0.042032
0.158125	0.385522	0.000000	0.456353
0.298819	0.026724	0.673183	0.001274
0.000000	0.029481	0.042655	0.927863
0.010605	0.005294	0.913840	0.070261
0.002360	0.336406	0.009497	0.651737
0.324205	0.001263	0.668184	0.006348
0.001000	0.289596	0.001715	0.707690
0.283361	0.003843	0.712796	0.000000
0.000645	0.797532	0.002419	0.199404
