#chr	start	end	mean_bad	id	max_cover	ref	alt	n_reps	bads	scorefiles	ref_counts	alt_counts	ref_es	alt_es	ref_pval	alt_pval	ref_comb_es	alt_comb_es	ref_comb_pval	alt_comb_pval	ref_fdr_comb_pval	alt_fdr_comb_pval	pref_allele	comb_es	comb_pval	fdr_comb_pval
chr1	93079071	93079072	2.0	rs546445	24	T	C	2	2,2	ZXDA/ZXDA.THC_0295.Rep-MICHELLE_0314.vcf.gz,ZXDA/ZXDA.THC_0440.Rep-MICHELLE_0314.vcf.gz	16,9	8,5	0.6787415269708994,0.19198053780532875	-0.933397538951275,-1.0858246640887517	0.16386004680651697,0.2698498274086938	0.6909789480018262,1.0	0.47429190340157273	-0.933397538951275	0.14380702992410435	0.6909789480018262	0.4583849078830826	0.8269692153881542	ref	0.47429190340157273	0.14380702992410435	0.4583849078830826
chr1	93079161	93079162	2.0	rs11586323	20	C	T	1	2	ZXDA/ZXDA.THC_0295.Rep-MICHELLE_0314.vcf.gz	9	11	-0.4372513027840732	0.05167885966118346	0.5113051716156584	0.3498699956905619	-0.4372513027840732	0.05167885966118346	0.5113051716156584	0.3498699956905619	0.7490489260420146	0.7542219328854043	alt	0.05167885966118346	0.3498699956905619	0.7542219328854043
chr13	41961120	41961121	1.0	rs4942083	25	A	T	2	1,1	ZXDA/ZXDA.THC_0295.Rep-DIANA_0293.vcf.gz,ZXDA/ZXDA.THC_0295.Rep-MICHELLE_0314.vcf.gz	7,13	6,12	-0.11685718031049452,0.20225981915639624	-0.42833070365093473,0.02563384097025745	0.5569426173218146,0.34335367580882503	0.7973655660095612,0.4595685369983063	0.08935502540506848	-0.07676252110426396	0.4311388874386358	0.6905230430035598	0.7490489260420146	0.8269692153881542	ref	0.08935502540506848	0.4311388874386358	0.7490489260420146
chr21	39313735	39313736	3.0	rs11910906	23	T	C	1	3	ZXDA/ZXDA.THC_0295.Rep-MICHELLE_0314.vcf.gz	6	17	-1.68331949826948	0.6827670237500962	0.8196618320349147	0.1814560481526816	-1.68331949826948	0.6827670237500962	0.8196618320349147	0.1814560481526816	0.8989839448124871	0.5550617226611518	alt	0.6827670237500962	0.1814560481526816	0.5550617226611518
chr1	16613669	16613670	2.0	rs2147037	29	C	G	2	2,2	ZXDA/ZXDA.THC_0295.Rep-MICHELLE_0314.vcf.gz,ZXDA/ZXDA.THC_0440.Rep-MICHELLE_0314.vcf.gz	13,23	9,6	0.2741253236278607,1.434615914815236	-0.5711856106636071,-1.721723020308242	0.28153018357766824,0.022869392300418886	0.5463377306578383,0.9589701192538251	1.1430792455664394	-0.6457542836653769	0.0341256069725175	0.9091400332414301	0.29006765926639877	0.9661438607605356	ref	1.1430792455664394	0.0341256069725175	0.29006765926639877
chr1	110210226	110210227	2.0	rs111937628	67	A	G	5	2,2,2,2,2	ZXDA/ZXDA.THC_0295.Rep-DIANA_0293.vcf.gz,ZXDA/ZXDA.THC_0295.Rep-MICHELLE_0314.vcf.gz,ZXDA/ZXDA.THC_0440.Rep-DIANA_0293.vcf.gz,ZXDA/ZXDA.THC_0440.Rep-MICHELLE_0314.vcf.gz,ZXDA/ZXDA.THC_0911.vcf.gz	9,20,18,24,5	10,39,21,43,22	-0.3506010028530113,-0.6898310758264863,-0.06817000446782995,-0.5618439870553651,-1.9642668667374577	-0.08582466408875167,1.1421053724152932,0.341859345868345,1.0742622047402044,1.4916520770362616	0.4871135547480171,0.5216504285273496,0.33003276767064077,0.4396422198819359,1.0	0.39668865710078727,0.11476632998355601,0.2862155231513991,0.13853229990320454,0.01435282230833193	-0.37522310426813066	1.0675705286382067	0.3971661611001299	0.01125065291209128	0.7490489260420146	0.19126109950555178	alt	1.0675705286382067	0.01125065291209128	0.19126109950555178
chr1	226703511	226703512	4.0	rs9662124	26	T	C	3	4,4,4	ZXDA/ZXDA.THC_0295.Rep-DIANA_0293.vcf.gz,ZXDA/ZXDA.THC_0295.Rep-MICHELLE_0314.vcf.gz,ZXDA/ZXDA.THC_0440.Rep-MICHELLE_0314.vcf.gz	9,5,7	9,15,19	-0.484602174958491,-1.9247884862186075,-1.7025208041565718	-0.9548098302535069,0.5189994299044343,0.5090816822398319	0.3558108910712702,1.0,0.5654338945335845	0.5811714289421362,0.214465179336329,0.2451744820234053	-0.9176567955611168	0.2856942133552037	0.44567449676012794	0.24466764015604398	0.7490489260420146	0.6152106022736525	alt	0.2856942133552037	0.24466764015604398	0.6152106022736525
chr1	230978848	230978849	4.0	rs11122174	26	C	T	1	4	ZXDA/ZXDA.THC_0295.Rep-MICHELLE_0314.vcf.gz	6	20	-1.9115789313696308	0.7784320327792353	0.7635334712134693	0.15710695320424	-1.9115789313696308	0.7784320327792353	0.7635334712134693	0.15710695320424	0.880855147774316	0.5222956453082666	alt	0.7784320327792353	0.15710695320424	0.5222956453082666
chr2	70302109	70302110	1.0	rs2952467	61	T	C	5	1,1,1,1,1	ZXDA/ZXDA.THC_0295.Rep-DIANA_0293.vcf.gz,ZXDA/ZXDA.THC_0295.Rep-MICHELLE_0314.vcf.gz,ZXDA/ZXDA.THC_0440.Rep-DIANA_0293.vcf.gz,ZXDA/ZXDA.THC_0440.Rep-MICHELLE_0314.vcf.gz,ZXDA/ZXDA.THC_0911.vcf.gz	11,39,15,25,21	19,22,9,31,26	-0.6021846537811424,1.017715009580371,0.6890871813999428,-0.12553489641596727,-0.11773419836870858	0.8627803455674905,-0.6227138003508053,-0.557305563937553,0.5299294782224999,0.526669924317952	0.8352902612973614,0.008394757330561256,0.09767595710482171,0.6063141032353189,0.5901930287687069	0.052235385608015765,0.9218541891586763,0.7992881846030445,0.11364142637596981,0.13341869316547905	0.7498828501216821	0.6156951523440087	0.12595965993206237	0.22672338476100273	0.4583849078830826	0.6152106022736525	ref	0.7498828501216821	0.12595965993206237	0.4583849078830826
chr7	3301162	3301163	1.0	rs147487727	20	G	A	1	1	ZXDA/ZXDA.THC_0295.Rep-MICHELLE_0314.vcf.gz	11	9	0.24162820442872146	-0.21522216643378256	0.30824358964999377	0.6091898568133152	0.24162820442872146	-0.21522216643378256	0.30824358964999377	0.6091898568133152	0.7049779116709782	0.8069787713630928	ref	0.24162820442872146	0.30824358964999377	0.7049779116709782
chr7	100895737	100895738	2.0	rs17881696	30	G	A	1	2	ZXDA/ZXDA.THC_0440.Rep-MICHELLE_0314.vcf.gz	19	11	0.6407512092171999	-0.6425671934882837	0.20074137518358576	0.5291503728333946	0.6407512092171999	-0.6425671934882837	0.20074137518358576	0.5291503728333946	0.5850177219635928	0.7827706414645577	ref	0.6407512092171999	0.20074137518358576	0.5850177219635928
chr7	149624642	149624643	2.0	rs62490575	21	G	A	2	2,2	ZXDA/ZXDA.THC_0295.Rep-MICHELLE_0314.vcf.gz,ZXDA/ZXDA.THC_0440.Rep-MICHELLE_0314.vcf.gz	6,7	10,14	-0.9355635035741674,-1.0258370897335896	0.24615717586770192,0.614156728605662	0.8189397874871059,0.7602158262681239	0.25672650339503944,0.16606501977145746	-0.9877873694190531	0.45556206594238924	0.8595008319931269	0.13930962252028495	0.9151068421120528	0.5222956453082666	alt	0.45556206594238924	0.13930962252028495	0.5222956453082666
chr8	11704218	11704219	2.0	rs61277615	26	C	T	2	2,2	ZXDA/ZXDA.THC_0440.Rep-MICHELLE_0314.vcf.gz,ZXDA/ZXDA.THC_0911.vcf.gz	9,11	11,15	-0.4372513027840732,-0.4403484176928534	0.05167885966118346,0.32150774538642546	0.5113051716156584,0.46959985053454073	0.3498699956905619,0.28234815396409	-0.43889221564675474	0.19909043203744417	0.4873747948441831	0.26194432009378443	0.7490489260420146	0.6361504916563336	alt	0.19909043203744417	0.26194432009378443	0.6361504916563336
chr13	113490883	113490884	2.0	rs9577558	25	C	T	4	2,2,2,2	ZXDA/ZXDA.THC_0295.Rep-MICHELLE_0314.vcf.gz,ZXDA/ZXDA.THC_0440.Rep-DIANA_0293.vcf.gz,ZXDA/ZXDA.THC_0440.Rep-MICHELLE_0314.vcf.gz,ZXDA/ZXDA.THC_0911.vcf.gz	7,7,8,5	18,6,8,20	-1.2609923385982094,-0.2815911191841729,-0.3212584730291006,-1.862644874407088	0.9767268079903699,-0.6082356927307861,-0.30294995591348917,1.3541485532863269	0.8354312366120134,0.5244948642671883,0.5015829199293663,1.0	0.08575404747392583,0.7456104647615794,0.49855340633357675,0.02324396294953986	-0.41588693033302504	0.9855744620551091	0.7162410100412107	0.08003397651465709	0.8801997954723312	0.43825715226631257	alt	0.9855744620551091	0.08003397651465709	0.43825715226631257
chr14	24146801	24146802	2.0	rs77017581	20	C	A	2	2,2	ZXDA/ZXDA.THC_0440.Rep-MICHELLE_0314.vcf.gz,ZXDA/ZXDA.THC_0911.vcf.gz	5,9	14,11	-1.5112639169038316,-0.4372513027840732	0.8395753804565684,0.05167885966118346	1.0,0.5113051716156584	0.08945951437488338,0.3498699956905619	-0.4372513027840732	0.6007171131369858	0.5113051716156584	0.11805037780211053	0.7490489260420146	0.4916913059881039	alt	0.6007171131369858	0.11805037780211053	0.4916913059881039
chr14	90383207	90383208	2.0	rs117680626	21	T	C	1	2	ZXDA/ZXDA.THC_0295.Rep-MICHELLE_0314.vcf.gz	9	12	-0.5136605559519021	0.17720974174504223	0.5322064852917767	0.3111019500566363	-0.5136605559519021	0.17720974174504223	0.5322064852917767	0.3111019500566363	0.7539591874966837	0.7211908842222023	alt	0.17720974174504223	0.3111019500566363	0.7211908842222023
chr15	101724272	101724273	2.0	rs1143136	24	C	A	2	2,2	ZXDA/ZXDA.THC_0295.Rep-MICHELLE_0314.vcf.gz,ZXDA/ZXDA.THC_0440.Rep-MICHELLE_0314.vcf.gz	10,12	10,12	-0.1985979094079613,-0.09862305667305815	-0.1792674805446759,-0.08185351682120068	0.4275528809735025,0.38776040875057305	0.4273941817967106,0.38416551486282197	-0.14589308390987177	-0.1276858121527848	0.3786240335934891	0.37615154203950457	0.7490489260420146	0.7542219328854043	alt	-0.1276858121527848	0.37615154203950457	0.7542219328854043
chr16	2883278	2883279	2.0	rs1063676	27	G	C	2	2,2	ZXDA/ZXDA.THC_0295.Rep-MICHELLE_0314.vcf.gz,ZXDA/ZXDA.THC_0440.Rep-MICHELLE_0314.vcf.gz	6,8	5,19	-0.3929819629158273,-1.1319957303783905	-0.7538428241322981,0.944977557530096	0.6759134322658349,0.7713056861998809	1.0,0.09927914711118728	-0.6875960770494947	0.944977557530096	0.7874157791406213	0.09927914711118728	0.8839145755089557	0.46031702463935453	alt	0.944977557530096	0.09927914711118728	0.46031702463935453
chr16	30183518	30183519	1.0	rs930392	20	A	G	2	1,1	ZXDA/ZXDA.THC_0440.Rep-MICHELLE_0314.vcf.gz,ZXDA/ZXDA.THC_0911.vcf.gz	13,14	6,6	0.7762276157729935,0.8831428196895055	-0.9743661590297426,-1.057984506328693	0.060326698680532996,0.03967302285624107	0.9442294594928773,0.9559471028301968	0.8333975657879805	-1.011141612766587	0.012782025857969025	0.9869457014263823	0.18625237678754863	1.0	ref	0.8333975657879805	0.012782025857969025	0.18625237678754863
chr19	14495921	14495922	2.0	rs10408314	30	C	T	2	2,2	ZXDA/ZXDA.THC_0440.Rep-MICHELLE_0314.vcf.gz,ZXDA/ZXDA.THC_0911.vcf.gz	19,6	11,5	0.6407512092171999,-0.3929819629158273	-0.6425671934882837,-0.7538428241322981	0.20074137518358576,0.6759134322658349	0.5291503728333946,1.0	0.43803892482523943	-0.6425671934882837	0.39469117324879116	0.5291503728333946	0.7490489260420146	0.7827706414645577	ref	0.43803892482523943	0.39469117324879116	0.7490489260420146
chr19	39031689	39031690	4.0	rs1672650	27	G	A	3	4,4,4	ZXDA/ZXDA.THC_0295.Rep-MICHELLE_0314.vcf.gz,ZXDA/ZXDA.THC_0440.Rep-DIANA_0293.vcf.gz,ZXDA/ZXDA.THC_0440.Rep-MICHELLE_0314.vcf.gz	13,5,13	5,6,14	0.5630847780253685,-0.9367708929534349,-0.46660603360546604	-2.3625358852657032,-0.8029286649829284,-0.8771090580954612	0.18454526563349458,1.0,0.29129864712754855	1.0,0.7046545308523247,0.5586557606767275	0.12863004115246998	-0.8492558759234747	0.16712961073234373	0.6756032146948505	0.5165824331726988	0.8269692153881542	ref	0.12863004115246998	0.16712961073234373	0.5165824331726988
chr19	47256615	47256616	1.0	rs2287689	35	T	G	5	1,1,1,1,1	ZXDA/ZXDA.THC_0295.Rep-DIANA_0293.vcf.gz,ZXDA/ZXDA.THC_0295.Rep-MICHELLE_0314.vcf.gz,ZXDA/ZXDA.THC_0440.Rep-DIANA_0293.vcf.gz,ZXDA/ZXDA.THC_0440.Rep-MICHELLE_0314.vcf.gz,ZXDA/ZXDA.THC_0911.vcf.gz	9,22,7,11,6	9,13,8,22,10	-0.0478784127662637,0.8785532148318036,-0.3156925616768369,-0.8082555906445803,-0.7261338147065604	-0.03310509457655586,-0.5393487232835583,-0.013293204372090806,1.0742844507612026,0.4056823188744274	0.4966127501977233,0.04552394108361703,0.6870719049245189,0.9125510775891091,0.8953064387527621	0.48622790046765946,0.8237493571437143,0.46972801489074534,0.01967342100390434,0.19190045945153028	0.5514330684016322	0.6553963475374821	0.7126667425546503	0.15873691180937513	0.8801997954723312	0.5222956453082666	alt	0.6553963475374821	0.15873691180937513	0.5222956453082666
chr20	44885561	44885562	2.0	rs6031847	202	C	T	5	2,2,2,2,2	ZXDA/ZXDA.THC_0295.Rep-DIANA_0293.vcf.gz,ZXDA/ZXDA.THC_0295.Rep-MICHELLE_0314.vcf.gz,ZXDA/ZXDA.THC_0440.Rep-DIANA_0293.vcf.gz,ZXDA/ZXDA.THC_0440.Rep-MICHELLE_0314.vcf.gz,ZXDA/ZXDA.THC_0911.vcf.gz	19,73,20,70,63	56,116,46,115,139	-1.2291008963318708,-0.3284412352427619,-0.9132782189239697,-0.3762149900479965,-0.8089486707651021	1.7053561099320227,1.0624077243528731,1.3802651096100576,1.1038500073826052,1.5252622664822573	0.8986259718031192,0.2567034106486203,0.684914972475437,0.272067865907731,0.67359256716912	0.014530642005904305,0.1702061324962087,0.060896875160694926,0.15702263362595148,0.029371804651896805	-0.4892699351637322	1.4375674062459307	0.6604720535951039	0.0007529424581191071	0.8590304130119794	0.01920003268203723	alt	1.4375674062459307	0.0007529424581191071	0.01920003268203723
chr20	44885568	44885569	2.0	rs6031848	207	T	C	5	2,2,2,2,2	ZXDA/ZXDA.THC_0295.Rep-DIANA_0293.vcf.gz,ZXDA/ZXDA.THC_0295.Rep-MICHELLE_0314.vcf.gz,ZXDA/ZXDA.THC_0440.Rep-DIANA_0293.vcf.gz,ZXDA/ZXDA.THC_0440.Rep-MICHELLE_0314.vcf.gz,ZXDA/ZXDA.THC_0911.vcf.gz	18,71,20,63,57	59,129,47,127,150	-1.3769347548244433,-0.5244250739022513,-0.9459920841272034,-0.6740007349756798,-1.0631732018327273	1.8321849724514259,1.2500450722960172,1.411292005230682,1.3950058805309151,1.7806913715397759	0.9485437272381048,0.3479307144332062,0.7086397726838948,0.506645586718355,0.9221778382754563	0.006560742461991285,0.10789777200453675,0.054975258903857516,0.06080282265193265,0.00430206813714115	-0.6759994377214646	1.6136399073070264	0.921079670842449	3.445492777271324e-05	0.9685580043910289	0.0017572013164083753	alt	1.6136399073070264	3.445492777271324e-05	0.0017572013164083753
chr20	44885695	44885696	2.0	rs6031849	242	G	T	5	2,2,2,2,2	ZXDA/ZXDA.THC_0295.Rep-DIANA_0293.vcf.gz,ZXDA/ZXDA.THC_0295.Rep-MICHELLE_0314.vcf.gz,ZXDA/ZXDA.THC_0440.Rep-DIANA_0293.vcf.gz,ZXDA/ZXDA.THC_0440.Rep-MICHELLE_0314.vcf.gz,ZXDA/ZXDA.THC_0911.vcf.gz	27,84,15,66,66	70,158,45,119,124	-1.0247622920049304,-0.5813151583329663,-1.3085126069763664,-0.5113791768437661,-0.5713670305132865	1.6351975450019705,1.3183248933507192,1.615921278272416,1.2379272077127217,1.2973057547916529	0.8313095390291207,0.3782585261245458,0.8887390923796744,0.34541890971828426,0.39450281428722095	0.020497106298376585,0.08578783768368273,0.018168240209448988,0.1119495364992314,0.09174499961774138	-0.6070517787517533	1.4655710228464776	0.7029053511226333	0.00041727496107216703	0.8801997954723312	0.014187348676453678	alt	1.4655710228464776	0.00041727496107216703	0.014187348676453678
chr20	59032612	59032613	2.0	rs6123845	192	C	T	5	2,2,2,2,2	ZXDA/ZXDA.THC_0295.Rep-DIANA_0293.vcf.gz,ZXDA/ZXDA.THC_0295.Rep-MICHELLE_0314.vcf.gz,ZXDA/ZXDA.THC_0440.Rep-DIANA_0293.vcf.gz,ZXDA/ZXDA.THC_0440.Rep-MICHELLE_0314.vcf.gz,ZXDA/ZXDA.THC_0911.vcf.gz	17,50,48,136,28	8,32,15,56,11	0.7662043682212385,0.9145886779487116,1.6851824643910054,1.610434431474883,1.2001786178312184	-0.9942247049240645,-0.288340533678733,-1.326402777334815,-0.8846707272877907,-1.0648192169630084	0.14248479174956385,0.1895930957898669,0.013285527608544912,0.01618573433723555,0.06764780333319521	0.7136484186354974,0.30657435323615956,0.9089761852180189,0.778690104472268,0.7402330658703632	1.3674362784854581	-0.6207156067713334	0.0005120178210407913	0.8804307973851145	0.05222581774616071	0.9661438607605356	ref	1.3674362784854581	0.0005120178210407913	0.05222581774616071
chr22	30424088	30424089	2.0	rs17658686	20	C	G	2	2,2	ZXDA/ZXDA.THC_0295.Rep-MICHELLE_0314.vcf.gz,ZXDA/ZXDA.THC_0911.vcf.gz	11,15	7,5	0.2500095450721709,0.9289461319715353	-0.7780279281644891,-1.5540037231698967	0.2684651348715023,0.07557282975467584	0.693907839184035,1.0	0.6998811641498857	-0.7780279281644891	0.08096917864986346	0.693907839184035	0.39327886772790827	0.8269692153881542	ref	0.6998811641498857	0.08096917864986346	0.39327886772790827
chr1	41496357	41496358	2.0	rs747460	20	C	G	1	2	ZXDA/ZXDA.THC_0440.Rep-MICHELLE_0314.vcf.gz	12	8	0.2637040276920555	-0.6668160175423568	0.2754916689909956	0.608967196834242	0.2637040276920555	-0.6668160175423568	0.2754916689909956	0.608967196834242	0.7049779116709782	0.8069787713630928	ref	0.2637040276920555	0.2754916689909956	0.7049779116709782
chr1	225427863	225427864	4.0	rs4653636	23	G	C	1	4	ZXDA/ZXDA.THC_0295.Rep-MICHELLE_0314.vcf.gz	17	6	0.8287638534095421	-2.499483640100169	0.14315901294295288	0.8184433227821251	0.8287638534095421	-2.499483640100169	0.14315901294295288	0.8184433227821251	0.4583849078830826	0.9379912238626602	ref	0.8287638534095421	0.14315901294295288	0.4583849078830826
chr1	228165949	228165950	4.0	rs55873785	23	G	C	1	4	ZXDA/ZXDA.THC_0440.Rep-MICHELLE_0314.vcf.gz	18	5	1.0325700613265885	-2.843031950368483	0.09444235745855253	1.0	1.0325700613265885	-2.843031950368483	0.09444235745855253	1.0	0.41883132438140686	1.0	ref	1.0325700613265885	0.09444235745855253	0.41883132438140686
chr1	244863213	244863214	3.0	rs183607211	43	G	A	2	3,3	ZXDA/ZXDA.THC_0440.Rep-DIANA_0293.vcf.gz,ZXDA/ZXDA.THC_0440.Rep-MICHELLE_0314.vcf.gz	5,10	14,33	-1.7814425960676652,-1.3868215034647409	0.5612381219554319,0.9939087407725191	1.0,0.6366796205339764	0.1957872828860138,0.15123040283155814	-1.3868215034647409	0.7934450640858779	0.6366796205339764	0.10379697614416818	0.854491069664021	0.46031702463935453	alt	0.7934450640858779	0.10379697614416818	0.46031702463935453
chr3	149129653	149129654	1.0	rs13089410	25	T	C	3	1,1,1	ZXDA/ZXDA.THC_0295.Rep-MICHELLE_0314.vcf.gz,ZXDA/ZXDA.THC_0440.Rep-MICHELLE_0314.vcf.gz,ZXDA/ZXDA.THC_0911.vcf.gz	7,15,7	11,10,7	-0.5931814214209861,0.5957942801808023,-0.21686104616516566	0.4461384142652065,-0.405302470492503,-0.20593828231448663	0.8205872558459162,0.13289351313952757,0.6264125452083339	0.1822379139385744,0.727628041191333,0.6192348517560133	0.36655062341915134	0.21280842402960987	0.521396801460618	0.49571582331349145	0.7490489260420146	0.7827706414645577	alt	0.21280842402960987	0.49571582331349145	0.7827706414645577
chr14	103520967	103520968	2.0	rs8017780	28	C	A	3	2,2,2	ZXDA/ZXDA.THC_0295.Rep-MICHELLE_0314.vcf.gz,ZXDA/ZXDA.THC_0440.Rep-MICHELLE_0314.vcf.gz,ZXDA/ZXDA.THC_0911.vcf.gz	17,15,14	11,6,13	0.48028653702395374,0.8179445543667416,0.04708661810014991	-0.5347930862867671,-1.2909693173361028,-0.11197490636907803	0.24228168463472313,0.1087833890337737,0.3458088294606956	0.4933370882752708,0.8848001444184389,0.38030349800244995	0.5418154190776887	-0.3586967666643562	0.1035731254127199	0.6929896971400183	0.4401857830040596	0.8269692153881542	ref	0.5418154190776887	0.1035731254127199	0.4401857830040596
chr14	104753129	104753130	2.0	rs3809453	20	A	G	2	2,2	ZXDA/ZXDA.THC_0295.Rep-MICHELLE_0314.vcf.gz,ZXDA/ZXDA.THC_0911.vcf.gz	11,6	9,5	0.033117224124065814,-0.3929819629158273	-0.4154578487797811,-0.7538428241322981	0.35174676620953227,0.6759134322658349	0.5082951318644069,1.0	-0.08306443269343611	-0.4154578487797811	0.5204002388705199	0.5082951318644069	0.7490489260420146	0.7827706414645577	alt	-0.4154578487797811	0.5082951318644069	0.7827706414645577
chr16	25258174	25258175	2.0	rs78154367	29	C	T	1	2	ZXDA/ZXDA.THC_0295.Rep-MICHELLE_0314.vcf.gz	20	9	0.8956137003741311	-0.9733718450046434	0.12086547999358203	0.6972485541507967	0.8956137003741311	-0.9733718450046434	0.12086547999358203	0.6972485541507967	0.4583849078830826	0.8269692153881542	ref	0.8956137003741311	0.12086547999358203	0.4583849078830826
chr16	25258296	25258297	2.0	rs12929379	24	T	C	1	2	ZXDA/ZXDA.THC_0911.vcf.gz	18	6	1.080978960200535	-1.4654955761892596	0.06278930896444451	0.9187838675859995	1.080978960200535	-1.4654955761892596	0.06278930896444451	0.9187838675859995	0.3767358537866671	0.9661438607605356	ref	1.080978960200535	0.06278930896444451	0.3767358537866671
chr19	17303316	17303317	2.0	rs3745187	37	C	T	1	2	ZXDA/ZXDA.THC_0911.vcf.gz	10	27	-1.2065416589454743	1.2536919267314302	0.7961203931303152	0.05185369823863941	-1.2065416589454743	1.2536919267314302	0.7961203931303152	0.05185369823863941	0.8839145755089557	0.43825715226631257	alt	1.2536919267314302	0.05185369823863941	0.43825715226631257
chr19	17303457	17303458	2.0	rs4808621	34	C	T	2	2,2	ZXDA/ZXDA.THC_0295.Rep-MICHELLE_0314.vcf.gz,ZXDA/ZXDA.THC_0911.vcf.gz	6,9	6,25	-0.503983540520621,-1.2544997280620187	-0.4908084182985042,1.2361034307986105	0.7129247554449083,0.8194826872421557	0.7095227490949826,0.05142156112967606	-0.7819835381894561	1.0571131720598725	0.8374994792258057	0.20444667905920594	0.9087760306492786	0.5792655906677501	alt	1.0571131720598725	0.20444667905920594	0.5792655906677501
chr20	1467024	1467025	2.0	rs6033858	21	C	T	1	2	ZXDA/ZXDA.THC_0295.Rep-DIANA_0293.vcf.gz	15	6	0.8179445543667416	-1.2909693173361028	0.1087833890337737	0.8848001444184389	0.8179445543667416	-1.2909693173361028	0.1087833890337737	0.8848001444184389	0.4438362272577967	0.9661438607605356	ref	0.8179445543667416	0.1087833890337737	0.4438362272577967
chr20	44885401	44885402	2.0	rs55731255	92	A	G	4	2,2,2,2	ZXDA/ZXDA.THC_0295.Rep-DIANA_0293.vcf.gz,ZXDA/ZXDA.THC_0295.Rep-MICHELLE_0314.vcf.gz,ZXDA/ZXDA.THC_0440.Rep-DIANA_0293.vcf.gz,ZXDA/ZXDA.THC_0440.Rep-MICHELLE_0314.vcf.gz	9,16,11,36	11,19,27,56	-0.4372513027840732,-0.13199573037839052,-1.0690381351955391,-0.30710340833314387	0.05167885966118346,0.31452997449231024,1.169504651941375,0.9470763179942416	0.5113051716156584,0.3519588163740843,0.7319538490513968,0.30117484342147366	0.3498699956905619,0.29449381687462106,0.0709015946675691,0.1840781767096632	-0.3511671615347529	0.7769227203652923	0.4543679759207909	0.06140191300054709	0.7490489260420146	0.43825715226631257	alt	0.7769227203652923	0.06140191300054709	0.43825715226631257
chr1	200669718	200669719	2.0	rs6661240	21	A	G	2	2,2	ZXDA/ZXDA.THC_0440.Rep-MICHELLE_0314.vcf.gz,ZXDA/ZXDA.THC_0911.vcf.gz	7,11	7,10	-0.40206715150752226,-0.06109438565802616	-0.38584327139433805,-0.26345475533473106	0.5753240381596166,0.3818134656371604	0.5713584394898439,0.44873633288325	-0.185462032432064	-0.3137873285364858	0.4706149802516244	0.5134655690506513	0.7490489260420146	0.7827706414645577	ref	-0.185462032432064	0.4706149802516244	0.7490489260420146
chr2	219541999	219542000	1.0	rs3731912	31	T	C	2	1,1	ZXDA/ZXDA.THC_0295.Rep-MICHELLE_0314.vcf.gz,ZXDA/ZXDA.THC_0911.vcf.gz	15,16	10,15	0.5957942801808023,0.2551781773461266	-0.405302470492503,0.10184903578564697	0.13289351313952757,0.3119295912766596	0.727628041191333,0.41444483279027255	0.47113605126004454	-0.03266812621771284	0.14018057608184323	0.6037833832364878	0.4583849078830826	0.8069787713630928	ref	0.47113605126004454	0.14018057608184323	0.4583849078830826
chr14	103520802	103520803	2.0	rs2071407	28	T	C	3	2,2,2	ZXDA/ZXDA.THC_0295.Rep-MICHELLE_0314.vcf.gz,ZXDA/ZXDA.THC_0440.Rep-MICHELLE_0314.vcf.gz,ZXDA/ZXDA.THC_0911.vcf.gz	16,18,12	12,10,8	0.3164144426057858,0.6493989971469887,0.2637040276920555	-0.3484350382301189,-0.7285299820230535,-0.6668160175423568	0.28798766601298753,0.19056053751711924,0.2754916689909956	0.4344325373396789,0.5742157407009059,0.608967196834242	0.43189236415146315	-0.5441264470231246	0.13901986202370695	0.5630801139085283	0.4583849078830826	0.8069787713630928	ref	0.43189236415146315	0.13901986202370695	0.4583849078830826
chr1	26787987	26787988	2.0	rs113400508	90	A	C	5	2,2,2,2,2	ZXDA/ZXDA.THC_0295.Rep-DIANA_0293.vcf.gz,ZXDA/ZXDA.THC_0295.Rep-MICHELLE_0314.vcf.gz,ZXDA/ZXDA.THC_0440.Rep-DIANA_0293.vcf.gz,ZXDA/ZXDA.THC_0440.Rep-MICHELLE_0314.vcf.gz,ZXDA/ZXDA.THC_0911.vcf.gz	13,55,23,51,52	12,24,16,39,27	0.016854160746877955,1.3967889371848417,0.5646773476177835,0.6606661712576463,1.1719699643082553	-0.15614811138476314,-0.8168383404673838,-0.30668552102939817,-0.030211793242498786,-0.5756343744753245	0.358197869180995,0.05957588457138073,0.24505688972433592,0.2451013394464822,0.11343871793861669	0.3975394620911647,0.6554326133611318,0.38149531518033164,0.2588072871367589,0.45866353320797204	0.9315030070396508	-0.2869952912537262	0.030177946142644862	0.3546030836895966	0.2798318642317978	0.7542219328854043	ref	0.9315030070396508	0.030177946142644862	0.2798318642317978
chr1	150066989	150066990	2.0	rs11584354	24	G	A	1	2	ZXDA/ZXDA.THC_0440.Rep-MICHELLE_0314.vcf.gz	5	19	-1.8100676354910283	1.2801479718425495	1.0	0.0294071508642991	-1.8100676354910283	1.2801479718425495	1.0	0.0294071508642991	1.0	0.4285041983083583	alt	1.2801479718425495	0.0294071508642991	0.4285041983083583
chr2	240821156	240821157	1.0	rs4234125	22	T	C	1	1	ZXDA/ZXDA.THC_0911.vcf.gz	11	11	0.05889527515870707	0.0742844507612026	0.4320880545378685	0.4214769624947848	0.05889527515870707	0.0742844507612026	0.4320880545378685	0.4214769624947848	0.7490489260420146	0.7542219328854043	alt	0.0742844507612026	0.4214769624947848	0.7542219328854043
chr3	138609108	138609109	1.0	rs61699523	73	T	C	5	1,1,1,1,1	ZXDA/ZXDA.THC_0295.Rep-DIANA_0293.vcf.gz,ZXDA/ZXDA.THC_0295.Rep-MICHELLE_0314.vcf.gz,ZXDA/ZXDA.THC_0440.Rep-DIANA_0293.vcf.gz,ZXDA/ZXDA.THC_0440.Rep-MICHELLE_0314.vcf.gz,ZXDA/ZXDA.THC_0911.vcf.gz	10,35,18,39,31	6,29,17,34,13	0.3977159925192635,0.4568663554405159,0.26717773893577634,0.37552184565856983,1.3733179065813812	-0.7081689077834992,-0.06265250791085997,0.13752401826723748,0.005317422262236526,-1.0384386713252156	0.19685667660691192,0.13209499462262525,0.3014419493744669,0.16318967999375786,0.0023636724854077425	0.8907904169554535,0.5549794517216041,0.38999274827035363,0.4901262712383547,0.975068548293196	0.8558888241461853	-0.004914413831248855	0.002631730119809854	0.9147093141395578	0.08505934305516252	0.9661438607605356	ref	0.8558888241461853	0.002631730119809854	0.08505934305516252
chr7	100896089	100896090	2.0	rs17884589	101	G	A	5	2,2,2,2,2	ZXDA/ZXDA.THC_0295.Rep-DIANA_0293.vcf.gz,ZXDA/ZXDA.THC_0295.Rep-MICHELLE_0314.vcf.gz,ZXDA/ZXDA.THC_0440.Rep-DIANA_0293.vcf.gz,ZXDA/ZXDA.THC_0440.Rep-MICHELLE_0314.vcf.gz,ZXDA/ZXDA.THC_0911.vcf.gz	20,61,25,63,28	11,40,15,27,19	0.7147517906609773,0.8897841760707061,0.7440761534445737,1.4488101696670803,0.6753591916792132	-0.6838652278096582,-0.22241705122321864,-0.49478425885178545,-0.8387913040777821,-0.2763233221567205	0.18137204828362535,0.20207571424833679,0.19789119271844666,0.0464390361496331,0.2259569058541182	0.5477734058853939,0.27022987394434095,0.44292858384601386,0.6761838344555052,0.35489663649393094	0.9806998241244188	-0.4142714728036244	0.01873857904937408	0.4106135632554401	0.2294259275291624	0.7542219328854043	ref	0.9806998241244188	0.01873857904937408	0.2294259275291624
chr7	128531039	128531040	2.0	rs113790722	28	A	G	3	2,2,2	ZXDA/ZXDA.THC_0295.Rep-MICHELLE_0314.vcf.gz,ZXDA/ZXDA.THC_0440.Rep-DIANA_0293.vcf.gz,ZXDA/ZXDA.THC_0440.Rep-MICHELLE_0314.vcf.gz	7,6,10	16,11,18	-1.1515296863816253,-1.0222138035052293,-0.7464191657684514	0.8068018065480578,0.38366069961763705,0.6687294260102741	0.7972562837923914,0.8351516134716784,0.5819782430682062	0.12051257499708429,0.21276228108317974,0.18284646487345252	-0.895644174817241	0.6409438751938551	0.8612770278701674	0.06162087795334517	0.9151068421120528	0.43825715226631257	alt	0.6409438751938551	0.06162087795334517	0.43825715226631257
chr8	8386468	8386469	2.0	rs2979159	22	T	C	1	2	ZXDA/ZXDA.THC_0295.Rep-MICHELLE_0314.vcf.gz	11	11	-0.14774468558908804	-0.12595123158479593	0.4051840889045747	0.40307029127624094	-0.14774468558908804	-0.12595123158479593	0.4051840889045747	0.40307029127624094	0.7490489260420146	0.7542219328854043	alt	-0.12595123158479593	0.40307029127624094	0.7542219328854043
chr8	51899197	51899198	1.0	rs13263909	20	C	T	2	1,1	ZXDA/ZXDA.THC_0440.Rep-MICHELLE_0314.vcf.gz,ZXDA/ZXDA.THC_0911.vcf.gz	8,9	12,5	-0.49817989898469595,0.32161897641362147	0.47621124450119856,-0.8811020011315058	0.7696734667336022,0.22867467330683877	0.17566659503586293,1.0	0.19808176259164917	0.47621124450119856	0.4984584845274372	0.17566659503586293	0.7490489260420146	0.5550617226611518	alt	0.47621124450119856	0.17566659503586293	0.5550617226611518
chr12	128824135	128824136	2.0	rs12815929	38	A	G	1	2	ZXDA/ZXDA.THC_0440.Rep-MICHELLE_0314.vcf.gz	11	27	-1.0690381351955391	1.169504651941375	0.7319538490513968	0.0709015946675691	-1.0690381351955391	1.169504651941375	0.7319538490513968	0.0709015946675691	0.880855147774316	0.43825715226631257	alt	1.169504651941375	0.0709015946675691	0.43825715226631257
chr13	114235243	114235244	2.0	rs7331882	22	G	A	2	2,2	ZXDA/ZXDA.THC_0295.Rep-MICHELLE_0314.vcf.gz,ZXDA/ZXDA.THC_0911.vcf.gz	7,8	7,14	-0.40206715150752226,-0.8331920117911937	-0.38584327139433805,0.504404966144115	0.5753240381596166,0.6575068276539655	0.5713584394898439,0.2073295927459786	-0.588021911746112	0.270807570624354	0.6532943747031164	0.33202082285328793	0.8590304130119794	0.752580531800786	alt	0.270807570624354	0.33202082285328793	0.752580531800786
chr16	24539608	24539609	2.0	rs9922288	207	A	G	5	2,2,2,2,2	ZXDA/ZXDA.THC_0295.Rep-DIANA_0293.vcf.gz,ZXDA/ZXDA.THC_0295.Rep-MICHELLE_0314.vcf.gz,ZXDA/ZXDA.THC_0440.Rep-DIANA_0293.vcf.gz,ZXDA/ZXDA.THC_0440.Rep-MICHELLE_0314.vcf.gz,ZXDA/ZXDA.THC_0911.vcf.gz	49,121,47,127,143	32,52,32,68,64	0.8854423322891956,1.5390948950539913,0.8253213398516248,1.2449542768473076,1.501689365223931	-0.2593743853657564,-0.8194606557949529,-0.21205173897900487,-0.504992606374481,-0.7681302536375183	0.19661393256062273,0.027245370051589737,0.21013933623499917,0.10954876997128732,0.03276899933248794	0.29944797803669193,0.6992021261546456,0.29222404030046994,0.3423978058812886,0.6390791234943611	1.301155906999236	-0.406178848872343	0.0026684229820578514	0.4027686189934429	0.08505934305516252	0.7542219328854043	ref	1.301155906999236	0.0026684229820578514	0.08505934305516252
chr19	1592391	1592392	2.0	rs533277934	22	A	C	2	2,2	ZXDA/ZXDA.THC_0295.Rep-MICHELLE_0314.vcf.gz,ZXDA/ZXDA.THC_0440.Rep-MICHELLE_0314.vcf.gz	16,14	6,7	0.9110539587582229,0.5979328484924777	-1.348435038230119,-1.005059702452566	0.09100686978939238,0.17197417723298933	0.8957918879660706,0.754381496696004	0.7784604609419654	-1.1014798922472806	0.06259707763240972	0.9051440874157862	0.3767358537866671	0.9661438607605356	ref	0.7784604609419654	0.06259707763240972	0.3767358537866671
chr19	4304857	4304858	2.0	rs62129299	22	A	G	1	2	ZXDA/ZXDA.THC_0440.Rep-MICHELLE_0314.vcf.gz	5	17	-1.695381561760057	1.1196832996493034	1.0	0.04648126744782434	-1.695381561760057	1.1196832996493034	1.0	0.04648126744782434	1.0	0.43825715226631257	alt	1.1196832996493034	0.04648126744782434	0.43825715226631257
chr19	37594430	37594431	3.0	rs2291001	59	C	T	3	3,3,3	ZXDA/ZXDA.THC_0295.Rep-DIANA_0293.vcf.gz,ZXDA/ZXDA.THC_0295.Rep-MICHELLE_0314.vcf.gz,ZXDA/ZXDA.THC_0911.vcf.gz	7,8,13	12,29,46	-1.1626884743643915,-1.6118053036428295,-1.377871452182911	-0.014692623495441204,1.0821922280933016,1.1742211492020012	0.5929211439880298,0.7497847471196323,0.6654572634301674	0.3718769870335099,0.11467494552379018,0.12129913190851772	-1.3408343603597297	0.9129601806913641	0.7620401665416433	0.07118226677450948	0.880855147774316	0.43825715226631257	alt	0.9129601806913641	0.07118226677450948	0.43825715226631257
chr19	39436002	39436003	4.0	rs62120663	236	A	G	5	4,4,4,4,4	ZXDA/ZXDA.THC_0295.Rep-DIANA_0293.vcf.gz,ZXDA/ZXDA.THC_0295.Rep-MICHELLE_0314.vcf.gz,ZXDA/ZXDA.THC_0440.Rep-DIANA_0293.vcf.gz,ZXDA/ZXDA.THC_0440.Rep-MICHELLE_0314.vcf.gz,ZXDA/ZXDA.THC_0911.vcf.gz	19,36,17,37,43	44,116,54,155,193	-1.0647188532506542,-1.3873781179383755,-1.4209851693588886,-1.7648628305952405,-1.8637217918823605	0.21926912117897235,0.8101124088922838,0.6704413613421432,1.192861795123994,1.3085125803100546	0.20457902369139921,0.23844932795144222,0.3228978865907901,0.5677829277931714,0.695492685408222	0.43874111073342986,0.3149216186876595,0.2891008368853912,0.1280884607655323,0.07869199622777463	-1.370179866575281	0.9883675161379617	0.29253220122595813	0.05909191450846597	0.7049779116709782	0.43825715226631257	alt	0.9883675161379617	0.05909191450846597	0.43825715226631257
chr21	42235156	42235157	3.0	rs4148114	21	G	A	1	3	ZXDA/ZXDA.THC_0440.Rep-MICHELLE_0314.vcf.gz	11	10	-0.305916913215027	-0.8462102274897556	0.3690526760338752	0.4908054107639643	-0.305916913215027	-0.8462102274897556	0.3690526760338752	0.4908054107639643	0.7490489260420146	0.7827706414645577	ref	-0.305916913215027	0.3690526760338752	0.7490489260420146
chr1	155745849	155745850	2.0	rs11264409	27	G	A	3	2,2,2	ZXDA/ZXDA.THC_0295.Rep-MICHELLE_0314.vcf.gz,ZXDA/ZXDA.THC_0440.Rep-MICHELLE_0314.vcf.gz,ZXDA/ZXDA.THC_0911.vcf.gz	6,7,16	10,18,11	-0.9355635035741674,-1.2609923385982094,0.39282369577361465	0.24615717586770192,0.9767268079903699,-0.47396592031397766	0.8189397874871059,0.8354312366120134,0.2643769437531106	0.25672650339503944,0.08575404747392583,0.47776515335566117	0.06374240094718828	0.5233614322452994	0.7568961085318755	0.12549198959632177	0.880855147774316	0.4923147284163393	alt	0.5233614322452994	0.12549198959632177	0.4923147284163393
chr3	169966644	169966645	2.0	rs9836316	31	G	A	3	2,2,2	ZXDA/ZXDA.THC_0295.Rep-MICHELLE_0314.vcf.gz,ZXDA/ZXDA.THC_0440.Rep-MICHELLE_0314.vcf.gz,ZXDA/ZXDA.THC_0911.vcf.gz	14,10,10	17,13,6	-0.20995473458981495,-0.4383402090700921,0.2329820536455851	0.2750482167401689,0.1992441427090541,-0.916233074710882	0.3841450169710073,0.4860837985217711,0.26057734505857744	0.2995803150509004,0.31084928805757867,0.8160830137357077	-0.06740111348438416	0.1467282598158966	0.30162164218393545	0.4794177923957205	0.7049779116709782	0.7827706414645577	ref	-0.06740111348438416	0.30162164218393545	0.7049779116709782
chr16	46401544	46401545	3.0	rs4493078	133	A	G	2	3,3	ZXDA/ZXDA.THC_0295.Rep-DIANA_0293.vcf.gz,ZXDA/ZXDA.THC_0911.vcf.gz	17,8	37,125	-0.7553423456664152,-3.306049861259562	0.6074397731622563,3.1899955176278167	0.2738901695625803,0.9999995428545162	0.3053358978820018,1.8381873566927908e-08	-0.7553432460671722	3.0287281663700236	0.9999742787830836	8.573863279464612e-07	1.0	8.745340545053905e-05	alt	3.0287281663700236	8.573863279464612e-07	8.745340545053905e-05
chr1	32351328	32351329	2.0	rs115696513	66	G	A	3	2,2,2	ZXDA/ZXDA.THC_0295.Rep-MICHELLE_0314.vcf.gz,ZXDA/ZXDA.THC_0440.Rep-DIANA_0293.vcf.gz,ZXDA/ZXDA.THC_0440.Rep-MICHELLE_0314.vcf.gz	7,20,48	8,5,18	-0.5139035509714964,1.3439836312503792,1.5166152400653425	-0.19319819345194222,-1.8213687515595933,-1.0633683715010216	0.6158267808316721,0.025105195866589755,0.03401365962094436	0.45288695924668826,1.0,0.7943272331823675	1.3019970641191767	-0.38917880384247505	0.020243464193749627	0.6839253676895856	0.2294259275291624	0.8269692153881542	ref	1.3019970641191767	0.020243464193749627	0.2294259275291624
chr12	4908740	4908741	2.0	rs1558330	21	A	G	1	2	ZXDA/ZXDA.THC_0911.vcf.gz	10	11	-0.2852482093390232	-0.041763956794740764	0.4510304015044396	0.38132253337122785	-0.2852482093390232	-0.041763956794740764	0.4510304015044396	0.38132253337122785	0.7490489260420146	0.7542219328854043	alt	-0.041763956794740764	0.38132253337122785	0.7542219328854043
chr14	95516409	95516410	2.0	rs12887227	23	C	G	1	2	ZXDA/ZXDA.THC_0440.Rep-MICHELLE_0314.vcf.gz	7	16	-1.1515296863816253	0.8068018065480578	0.7972562837923914	0.12051257499708429	-1.1515296863816253	0.8068018065480578	0.7972562837923914	0.12051257499708429	0.8839145755089557	0.4916913059881039	alt	0.8068018065480578	0.12051257499708429	0.4916913059881039
chr15	98428607	98428608	2.0	rs36016710	33	G	A	2	2,2	ZXDA/ZXDA.THC_0440.Rep-DIANA_0293.vcf.gz,ZXDA/ZXDA.THC_0440.Rep-MICHELLE_0314.vcf.gz	8,20	5,13	0.022055536363016603,0.5616597909299084	-0.981021861026127,-0.4428571283058633	0.35113854217144874,0.23319941193396543	1.0,0.4387486235957032	0.33598526238969906	-0.4428571283058633	0.2299912274070835	0.4387486235957032	0.6516418109867366	0.7715924070131333	ref	0.33598526238969906	0.2299912274070835	0.6516418109867366
chr16	30005498	30005499	1.0	rs143249661	30	A	C	4	1,1,1,1	ZXDA/ZXDA.THC_0295.Rep-MICHELLE_0314.vcf.gz,ZXDA/ZXDA.THC_0440.Rep-DIANA_0293.vcf.gz,ZXDA/ZXDA.THC_0440.Rep-MICHELLE_0314.vcf.gz,ZXDA/ZXDA.THC_0911.vcf.gz	7,5,15,12	5,9,15,6	-0.040951102971086506,-0.8958753193212137,0.16206877295464528,0.6607503983530574	-0.6913651094847286,0.3281806007364234,0.1796600302286535,-0.8841896822020581	0.4982683884178686,1.0,0.3731079916392293,0.09067091838719378	1.0,0.22400169385675084,0.36129706725834554,0.9291132210010016	0.42061928758951056	0.2353016122782014	0.1763352512502827	0.5996706113170072	0.5290057537508481	0.8069787713630928	ref	0.42061928758951056	0.1763352512502827	0.5290057537508481
chr16	46389973	46389974	3.0	rs4404093	239	C	G	4	3,3,3,3	ZXDA/ZXDA.THC_0295.Rep-DIANA_0293.vcf.gz,ZXDA/ZXDA.THC_0295.Rep-MICHELLE_0314.vcf.gz,ZXDA/ZXDA.THC_0440.Rep-DIANA_0293.vcf.gz,ZXDA/ZXDA.THC_0440.Rep-MICHELLE_0314.vcf.gz	36,86,24,55	76,153,62,117	-0.49279455308608444,-0.16288103505595863,-0.8261224562973544,-0.43243643662771003	1.032967380286883,0.9601552094016812,1.0945974181777975,1.1690907613420514	0.17454861878755887,0.16140609664850564,0.28638806567428904,0.16280247810275675	0.24409761939883817,0.26665805142737997,0.2064208616232442,0.2304733139060352	-0.44841267551379876	1.0677193827007643	0.05535582944807867	0.09455573600835446	0.3767358537866671	0.46031702463935453	ref	-0.44841267551379876	0.05535582944807867	0.3767358537866671
chr20	50790784	50790785	2.0	rs115731330	30	G	A	2	2,2	ZXDA/ZXDA.THC_0295.Rep-MICHELLE_0314.vcf.gz,ZXDA/ZXDA.THC_0440.Rep-MICHELLE_0314.vcf.gz	15,17	5,13	0.9289461319715353,0.32719453729288484	-1.5540037231698967,-0.29378498678297227	0.07557282975467584,0.28668241004961004	1.0,0.4099750485149446	0.7327538123852227	-0.29378498678297227	0.08616797298193543	0.4099750485149446	0.39950605655260973	0.7542219328854043	ref	0.7327538123852227	0.08616797298193543	0.39950605655260973
chr11	65570243	65570244	1.0	rs59286748	20	A	T	2	1,1	ZXDA/ZXDA.THC_0440.Rep-MICHELLE_0314.vcf.gz,ZXDA/ZXDA.THC_0911.vcf.gz	11,7	9,8	0.24162820442872146,-0.3156925616768369	-0.21522216643378256,-0.013293204372090806	0.30824358964999377,0.6870719049245189	0.6091898568133152,0.46972801489074534	0.10686843871711085	-0.09327958886150912	0.4963897936937042	0.553071622404336	0.7490489260420146	0.8059043640748896	ref	0.10686843871711085	0.4963897936937042	0.7490489260420146
chr16	46388252	46388253	2.0	rs200614524	33	T	C	1	2	ZXDA/ZXDA.THC_0295.Rep-MICHELLE_0314.vcf.gz	19	14	0.4147355016523915	-0.29464389006797687	0.2716969896244228	0.3943823063477058	0.4147355016523915	-0.29464389006797687	0.2716969896244228	0.3943823063477058	0.7049779116709782	0.7542219328854043	ref	0.4147355016523915	0.2716969896244228	0.7049779116709782
chr17	80036450	80036451	2.0	rs3764441	68	G	T	3	2,2,2	ZXDA/ZXDA.THC_0295.Rep-MICHELLE_0314.vcf.gz,ZXDA/ZXDA.THC_0440.Rep-DIANA_0293.vcf.gz,ZXDA/ZXDA.THC_0440.Rep-MICHELLE_0314.vcf.gz	15,18,39	17,6,29	-0.11041906103890042,1.080978960200535,0.6720786512968466	0.21153102319308026,-1.4654955761892596,-0.09635360616884903	0.361900143076309,0.06278930896444451,0.23837265114519207	0.3142256655169,0.9187838675859995,0.2915135105898707	0.7365642045246745	0.0007966094398942428	0.07613870753780907	0.5992281640167934	0.39327886772790827	0.8069787713630928	ref	0.7365642045246745	0.07613870753780907	0.39327886772790827
chr1	202144069	202144070	2.0	rs56027245	52	G	A	4	2,2,2,2	ZXDA/ZXDA.THC_0295.Rep-DIANA_0293.vcf.gz,ZXDA/ZXDA.THC_0295.Rep-MICHELLE_0314.vcf.gz,ZXDA/ZXDA.THC_0440.Rep-MICHELLE_0314.vcf.gz,ZXDA/ZXDA.THC_0911.vcf.gz	11,32,35,33	8,10,17,10	0.1381731456081967,1.4794739957046765,1.1119733602975472,1.52386811506313	-0.5853828502220932,-1.3746412381788393,-0.7308982877438748,-1.4281866962100582	0.313684262883556,0.02560071390868572,0.11164038072675987,0.02151365445511037	0.5878554450546356,0.8771297398247614,0.5535782846203045,0.8948143037610006	1.27770944173756	-0.7928694507147255	0.0033356605119671577	0.9046416679048034	0.08505934305516252	0.9661438607605356	ref	1.27770944173756	0.0033356605119671577	0.08505934305516252
chr20	34302530	34302531	2.0	rs1205366	47	T	C	4	2,2,2,2	ZXDA/ZXDA.THC_0295.Rep-MICHELLE_0314.vcf.gz,ZXDA/ZXDA.THC_0440.Rep-DIANA_0293.vcf.gz,ZXDA/ZXDA.THC_0440.Rep-MICHELLE_0314.vcf.gz,ZXDA/ZXDA.THC_0911.vcf.gz	16,14,18,10	28,14,29,14	-0.5758490805859688,-0.025837089733589558,-0.4433985661230899,-0.5112639169038316	0.8739573831063288,-0.0050597024525660395,0.8075229182171562,0.3061593466255661	0.4707324976500098,0.3604616289240771,0.4088342065944536,0.5056669126540932	0.16652173915797847,0.35612253476858435,0.19209541896225585,0.2814396726206061	-0.35982207969702806	0.5714792004333681	0.38395139254805244	0.10002650076951626	0.7490489260420146	0.46031702463935453	alt	0.5714792004333681	0.10002650076951626	0.46031702463935453
chr22	35257479	35257480	2.0	rs5755674	23	C	T	1	2	ZXDA/ZXDA.THC_0295.Rep-MICHELLE_0314.vcf.gz	9	14	-0.6632670103488816	0.3996021630814903	0.572667885146073	0.24729053620803682	-0.6632670103488816	0.3996021630814903	0.572667885146073	0.24729053620803682	0.800166086094513	0.6152106022736525	alt	0.3996021630814903	0.24729053620803682	0.6152106022736525
chr1	22451962	22451963	2.0	rs4655064	23	C	A	2	2,2	ZXDA/ZXDA.THC_0295.Rep-MICHELLE_0314.vcf.gz,ZXDA/ZXDA.THC_0440.Rep-MICHELLE_0314.vcf.gz	12,8	11,5	-0.02221380350522928,0.022055536363016603	-0.20738439890505944,-0.981021861026127	0.3689029287464372,0.35113854217144874	0.42038692314763826,1.0	0.00045536470606857317	-0.20738439890505944	0.3177086447310203	0.42038692314763826	0.7049779116709782	0.7542219328854043	ref	0.00045536470606857317	0.3177086447310203	0.7049779116709782
chr11	94238608	94238609	2.0	rs536464	23	A	G	1	2	ZXDA/ZXDA.THC_0911.vcf.gz	16	7	0.7905779264348736	-1.1260426168936708	0.12646263015254153	0.7898241653842054	0.7905779264348736	-1.1260426168936708	0.12646263015254153	0.7898241653842054	0.4583849078830826	0.9154780098771471	ref	0.7905779264348736	0.12646263015254153	0.4583849078830826
chr14	103520740	103520741	2.0	rs2071408	21	G	A	2	2,2	ZXDA/ZXDA.THC_0440.Rep-DIANA_0293.vcf.gz,ZXDA/ZXDA.THC_0440.Rep-MICHELLE_0314.vcf.gz	8,8	10,13	-0.5205260042953235,-0.7602683039574543	0.018978138973873016,0.397489762227603	0.5671840183698184,0.6347447735553434	0.3569693033244046,0.23706001994716056	-0.6271922284472409	0.23960378745730784	0.6329591193937161	0.23575892113333874	0.854491069664021	0.6152106022736525	alt	0.23960378745730784	0.23575892113333874	0.6152106022736525
chr19	5903795	5903796	2.0	rs8108064	22	G	T	2	2,2	ZXDA/ZXDA.THC_0295.Rep-DIANA_0293.vcf.gz,ZXDA/ZXDA.THC_0295.Rep-MICHELLE_0314.vcf.gz	6,13	6,9	-0.503983540520621,0.2741253236278607	-0.4908084182985042,-0.5711856106636071	0.7129247554449083,0.28153018357766824	0.7095227490949826,0.5463377306578383	0.11016939483108597	-0.5420803887423545	0.49550296028743224	0.6717220978151652	0.7490489260420146	0.8269692153881542	ref	0.11016939483108597	0.49550296028743224	0.7490489260420146
chr20	50791086	50791087	2.0	rs75819927	28	G	A	2	2,2	ZXDA/ZXDA.THC_0440.Rep-MICHELLE_0314.vcf.gz,ZXDA/ZXDA.THC_0911.vcf.gz	14,8	14,7	-0.025837089733589558,-0.20942207356512643	-0.0050597024525660395,-0.495595033855885	0.3604616289240771,0.45676220129673645	0.35612253476858435,0.6124517878259589	-0.1055814423200519	-0.16299744609320682	0.37891093409896726	0.4778007592346322	0.7490489260420146	0.7827706414645577	ref	-0.1055814423200519	0.37891093409896726	0.7490489260420146
chr8	77000650	77000651	1.0	rs16939395	108	T	A	5	1,1,1,1,1	ZXDA/ZXDA.THC_0295.Rep-DIANA_0293.vcf.gz,ZXDA/ZXDA.THC_0295.Rep-MICHELLE_0314.vcf.gz,ZXDA/ZXDA.THC_0440.Rep-DIANA_0293.vcf.gz,ZXDA/ZXDA.THC_0440.Rep-MICHELLE_0314.vcf.gz,ZXDA/ZXDA.THC_0911.vcf.gz	10,34,26,46,53	13,37,31,40,55	-0.25895030891813153,0.049988962630739486,-0.06895136804959989,0.3684853306125344,0.09719614695856205	0.40730830963643694,0.32918037903190367,0.4756357134767484,-0.004989037974200805,0.24152904768733308	0.6406152040188489,0.44492414121957197,0.5572584391377541,0.1480776187056699,0.3763503096371962	0.21869632181217746,0.1986934138771269,0.13702061224934264,0.5014810253933948,0.22193857738321723	0.14462092952591912	0.33563892293195297	0.3365501220295598	0.07603494917753718	0.7303853712130873	0.43825715226631257	alt	0.33563892293195297	0.07603494917753718	0.43825715226631257
chr13	100674837	100674838	2.0	rs56900311	23	C	G	1	2	ZXDA/ZXDA.THC_0295.Rep-MICHELLE_0314.vcf.gz	10	13	-0.4383402090700921	0.1992441427090541	0.4860837985217711	0.31084928805757867	-0.4383402090700921	0.1992441427090541	0.4860837985217711	0.31084928805757867	0.7490489260420146	0.7211908842222023	alt	0.1992441427090541	0.31084928805757867	0.7211908842222023
chr17	9021257	9021258	2.0	rs9900753	49	G	A	4	2,2,2,2	ZXDA/ZXDA.THC_0295.Rep-DIANA_0293.vcf.gz,ZXDA/ZXDA.THC_0295.Rep-MICHELLE_0314.vcf.gz,ZXDA/ZXDA.THC_0440.Rep-MICHELLE_0314.vcf.gz,ZXDA/ZXDA.THC_0911.vcf.gz	13,32,22,30	12,17,14,12	0.016854160746877955,0.9826903433525809,0.6262396068461036,1.2233050382143045	-0.15614811138476314,-0.6091064918158624,-0.43912420896099347,-1.0178315724487481	0.358197869180995,0.14476026297653635,0.22276587248329027,0.06659748224974958	0.3975394620911647,0.48585617889678034,0.42962359603110145,0.7216409841186752	0.8606542971371252	-0.4570458896713791	0.04227855970612213	0.5223712111629685	0.3317240838480352	0.7827706414645577	ref	0.8606542971371252	0.04227855970612213	0.3317240838480352
chr1	1891449	1891450	2.0	rs12744867	33	G	A	1	2	ZXDA/ZXDA.THC_0440.Rep-MICHELLE_0314.vcf.gz	6	27	-1.9435072531116804	1.679116583143808	0.9797607168471419	0.008425363264664821	-1.9435072531116804	1.679116583143808	0.9797607168471419	0.008425363264664821	1.0	0.17187741059916237	alt	1.679116583143808	0.008425363264664821	0.17187741059916237
chr1	22052386	22052387	2.0	rs3754496	60	C	A	1	2	ZXDA/ZXDA.THC_0440.Rep-MICHELLE_0314.vcf.gz	17	43	-1.059343646526182	1.4320400497780335	0.7685892956070012	0.04314852677465335	-1.059343646526182	1.4320400497780335	0.7685892956070012	0.04314852677465335	0.880855147774316	0.43825715226631257	alt	1.4320400497780335	0.04314852677465335	0.43825715226631257
chr1	202143770	202143771	2.0	rs3934809	40	C	A	2	2,2	ZXDA/ZXDA.THC_0295.Rep-MICHELLE_0314.vcf.gz,ZXDA/ZXDA.THC_0440.Rep-MICHELLE_0314.vcf.gz	6,24	5,16	-0.3929819629158273,0.6260778922819266	-0.7538428241322981,-0.3520025499618935	0.6759134322658349,0.23091667102196553	1.0,0.3911032769014579	0.4111762706013956	-0.3520025499618935	0.4232892935672555	0.3911032769014579	0.7490489260420146	0.7542219328854043	alt	-0.3520025499618935	0.3911032769014579	0.7542219328854043
chr2	98730570	98730571	1.0	rs10210711	29	A	G	4	1,1,1,1	ZXDA/ZXDA.THC_0295.Rep-MICHELLE_0314.vcf.gz,ZXDA/ZXDA.THC_0440.Rep-DIANA_0293.vcf.gz,ZXDA/ZXDA.THC_0440.Rep-MICHELLE_0314.vcf.gz,ZXDA/ZXDA.THC_0911.vcf.gz	13,5,12,7	16,8,14,12	-0.12939628684344084,-0.8011193888470789,-0.08493422915785676,-0.6908249769270918	0.4406713402491014,0.15825559929411126,0.33820273913439003,0.5716692963490653	0.5714823865035751,1.0,0.5360084721310402,0.8562662929934483	0.2049747950875797,0.3352347195680367,0.2608204321320355,0.12858513694289725	-0.17377516101512697	0.41141493037004534	0.7675965125276469	0.08163613620646999	0.880855147774316	0.43825715226631257	alt	0.41141493037004534	0.08163613620646999	0.43825715226631257
chr3	138609173	138609174	1.0	rs111398337	56	C	T	3	1,1,1	ZXDA/ZXDA.THC_0295.Rep-MICHELLE_0314.vcf.gz,ZXDA/ZXDA.THC_0440.Rep-DIANA_0293.vcf.gz,ZXDA/ZXDA.THC_0440.Rep-MICHELLE_0314.vcf.gz	12,19,24	16,11,32	-0.24487350426337695,0.847391169964995,-0.23022487023168559	0.5308478170767859,-0.568853115145715,0.6385953016164168	0.6437211746961266,0.05545690189611911,0.692866607315223	0.16145621277131014,0.8200221820693309,0.0734579150891915	0.6104633850476883	0.544473223102237	0.31793121506730393	0.19046235581510113	0.7049779116709782	0.5550617226611518	alt	0.544473223102237	0.19046235581510113	0.5550617226611518
chr3	138609219	138609220	1.0	rs75275561	38	G	A	3	1,1,1	ZXDA/ZXDA.THC_0295.Rep-MICHELLE_0314.vcf.gz,ZXDA/ZXDA.THC_0440.Rep-DIANA_0293.vcf.gz,ZXDA/ZXDA.THC_0440.Rep-MICHELLE_0314.vcf.gz	10,6,25	7,14,13	0.29771212666459235,-1.0849342291578568,1.0629777859692306	-0.48577648644705107,0.8911091460446694,-0.7238271140232828	0.2615814133937507,0.9592960468259616,0.018232756548712016	0.7748604631824068,0.03799577247668342,0.9019084403135387	0.8559116118894332	0.7483720544520981	0.26897416597770096	0.5295213162848479	0.7049779116709782	0.7827706414645577	ref	0.8559116118894332	0.26897416597770096	0.7049779116709782
chr11	18526635	18526636	1.0	rs1395319	38	T	G	4	1,1,1,1	ZXDA/ZXDA.THC_0295.Rep-MICHELLE_0314.vcf.gz,ZXDA/ZXDA.THC_0440.Rep-DIANA_0293.vcf.gz,ZXDA/ZXDA.THC_0440.Rep-MICHELLE_0314.vcf.gz,ZXDA/ZXDA.THC_0911.vcf.gz	15,11,22,14	9,6,16,12	0.6890871813999428,0.5352195162691986,0.6295956136527643,0.30917502307290823	-0.557305563937553,-0.8001846671549386,-0.2397884414246505,-0.05798450632869301	0.09767595710482171,0.1345469531570098,0.10895324571666316,0.2780983325517148	0.7992881846030445,0.9124076737162782,0.6641220557539126,0.5174188943578297	0.5707101589531504	-0.24174963820382106	0.025419004713560758	0.8951460808454568	0.2592738480783197	0.9661438607605356	ref	0.5707101589531504	0.025419004713560758	0.2592738480783197
chr11	18526647	18526648	1.0	rs1395320	39	C	G	4	1,1,1,1	ZXDA/ZXDA.THC_0295.Rep-MICHELLE_0314.vcf.gz,ZXDA/ZXDA.THC_0440.Rep-DIANA_0293.vcf.gz,ZXDA/ZXDA.THC_0440.Rep-MICHELLE_0314.vcf.gz,ZXDA/ZXDA.THC_0911.vcf.gz	17,9,26,16	13,6,13,12	0.5065844374448454,0.24571289907421345,1.119561314335598,0.501820101015304	-0.18060463832136664,-0.6180675952977119,-0.7781208787690344,-0.22007905910171566	0.17165489407403195,0.28354472331456976,0.013213256002326854,0.17483036214523823	0.6067393243481999,0.8657511838200891,0.9197149814501628,0.6274535160201056	0.7611677019806165	-0.290750530337191	0.012022863001525238	0.9284192818555219	0.18625237678754863	0.9663139464210534	ref	0.7611677019806165	0.012022863001525238	0.18625237678754863
chr7	98282305	98282306	2.0	rs111849767	21	G	A	3	2,2,2	ZXDA/ZXDA.THC_0295.Rep-MICHELLE_0314.vcf.gz,ZXDA/ZXDA.THC_0440.Rep-MICHELLE_0314.vcf.gz,ZXDA/ZXDA.THC_0911.vcf.gz	10,13,15	11,6,5	-0.2852482093390232,0.6114936768993151,0.9289461319715353	-0.041763956794740764,-1.1561481113847631,-1.5540037231698967	0.4510304015044396,0.15368860149669192,0.07557282975467584	0.38132253337122785,0.8599444073473339,1.0	0.6316522633353002	-0.19256852352086004	0.07725455794089131	0.7079737203863126	0.39327886772790827	0.8300381549356768	ref	0.6316522633353002	0.07725455794089131	0.39327886772790827
chr11	64335475	64335476	1.0	rs574087	25	A	G	2	1,1	ZXDA/ZXDA.THC_0440.Rep-MICHELLE_0314.vcf.gz,ZXDA/ZXDA.THC_0911.vcf.gz	13,8	12,14	0.20225981915639624,-0.6698967298790128	0.02563384097025745,0.6986036658376467	0.34335367580882503,0.8434696938730842	0.4595685369983063,0.09107467868206563	0.08245245272200943	0.5337368223477095	0.6653274767445723	0.15866056344558715	0.8590304130119794	0.5222956453082666	alt	0.5337368223477095	0.15866056344558715	0.5222956453082666
chr22	20531990	20531991	2.0	rs73156978	26	G	A	1	2	ZXDA/ZXDA.THC_0440.Rep-MICHELLE_0314.vcf.gz	6	20	-1.5996104685732941	1.2461571758677024	0.9423069824927123	0.03939793389172531	-1.5996104685732941	1.2461571758677024	0.9423069824927123	0.03939793389172531	0.9807684919822107	0.43825715226631257	alt	1.2461571758677024	0.03939793389172531	0.43825715226631257
chr1	15799323	15799324	2.0	rs79544978	32	C	A	2	2,2	ZXDA/ZXDA.THC_0295.Rep-MICHELLE_0314.vcf.gz,ZXDA/ZXDA.THC_0440.Rep-MICHELLE_0314.vcf.gz	7,20	5,12	-0.17058954157937922,0.6383425374931484	-0.87127009856458,-0.5583343457257994	0.4759873025639227,0.20798599220397757	1.0,0.4877580579223974	0.37867398130819724	-0.5583343457257994	0.2779103422729653	0.4877580579223974	0.7049779116709782	0.7827706414645577	ref	0.37867398130819724	0.2779103422729653	0.7049779116709782
chr19	5436771	5436772	2.0	rs12461344	21	A	C	1	2	ZXDA/ZXDA.THC_0440.Rep-MICHELLE_0314.vcf.gz	16	5	1.0220555363630166	-1.6114694440639128	0.061156213433707356	1.0	1.0220555363630166	-1.6114694440639128	0.061156213433707356	1.0	0.3767358537866671	1.0	ref	1.0220555363630166	0.061156213433707356	0.3767358537866671
chr20	50040413	50040414	2.0	rs73117762	30	C	T	3	2,2,2	ZXDA/ZXDA.THC_0295.Rep-MICHELLE_0314.vcf.gz,ZXDA/ZXDA.THC_0440.Rep-MICHELLE_0314.vcf.gz,ZXDA/ZXDA.THC_0911.vcf.gz	21,22,17	6,6,13	1.3033713815369836,1.3704855773955202,0.32719453729288484	-1.6075723265664097,-1.6615166302974416,-0.29378498678297227	0.0347123753756422,0.028234295322852248,0.28668241004961004	0.9457071475332162,0.9531379611281401,0.4099750485149446	1.1835017113487076	-0.43340027280159743	0.008487297400731371	0.960249071844656	0.17314086697491998	0.9893475285672214	ref	1.1835017113487076	0.008487297400731371	0.17314086697491998
chr11	846069	846070	1.0	rs11246331	20	C	T	1	1	ZXDA/ZXDA.THC_0440.Rep-MICHELLE_0314.vcf.gz	11	9	0.24162820442872146	-0.21522216643378256	0.30824358964999377	0.6091898568133152	0.24162820442872146	-0.21522216643378256	0.30824358964999377	0.6091898568133152	0.7049779116709782	0.8069787713630928	ref	0.24162820442872146	0.30824358964999377	0.7049779116709782
chr14	60486054	60486055	3.0	rs8021347	52	G	C	2	3,3	ZXDA/ZXDA.THC_0295.Rep-MICHELLE_0314.vcf.gz,ZXDA/ZXDA.THC_0440.Rep-MICHELLE_0314.vcf.gz	14,11	38,20	-1.0647663369175002,-0.9180702429120595	0.8322900443084693,0.15378977251024484	0.4267445045446315,0.36321675204852943	0.23030456034689278,0.3742883244327585	-0.9850767692749001	0.5602542962800884	0.36185747223454634	0.24035899675392675	0.7490489260420146	0.6152106022736525	alt	0.5602542962800884	0.24035899675392675	0.6152106022736525
chr14	60486058	60486059	3.0	rs8021348	43	G	T	2	3,3	ZXDA/ZXDA.THC_0295.Rep-MICHELLE_0314.vcf.gz,ZXDA/ZXDA.THC_0440.Rep-MICHELLE_0314.vcf.gz	10,9	33,20	-1.3868215034647409,-1.2075768601070447	0.9939087407725191,0.40020366268794794	0.6366796205339764,0.488741422550772	0.15123040283155814,0.3024174513353037	-1.2768986083441631	0.7637423508220463	0.5844276973573488	0.14956203058404233	0.8055625017628322	0.5222956453082666	alt	0.7637423508220463	0.14956203058404233	0.5222956453082666
chr12	114703028	114703029	2.0	rs35789998	33	T	C	2	2,2	ZXDA/ZXDA.THC_0295.Rep-MICHELLE_0314.vcf.gz,ZXDA/ZXDA.THC_0911.vcf.gz	11,23	5,10	0.4814871550003139,1.0030359517616896	-1.263454755334731,-0.984757426142036	0.17217067073906667,0.10308466156491321	1.0,0.6925883575759653	0.7754406078511963	-0.984757426142036	0.06911067069683097	0.6925883575759653	0.3916271339487088	0.8269692153881542	ref	0.7754406078511963	0.06911067069683097	0.3916271339487088
chr14	60485893	60485894	3.0	rs8020587	27	A	G	1	3	ZXDA/ZXDA.THC_0440.Rep-MICHELLE_0314.vcf.gz	7	20	-1.5701469394917527	0.7222729706707653	0.711849380937027	0.18941727591394786	-1.5701469394917527	0.7222729706707653	0.711849380937027	0.18941727591394786	0.8801997954723312	0.5550617226611518	alt	0.7222729706707653	0.18941727591394786	0.5550617226611518
